-0.0359 -0.8303 -0.3271 0 0 0 0 0
-0.0370 -0.8250 -0.3228 1 1 1 1 1 
-0.0384 -0.8191 -0.3181 2 1 1 1 1 
-0.0400 -0.8128 -0.3132 3 1 1 1 1 
-0.0419 -0.8060 -0.3080 4 1 1 1 1 
-0.0440 -0.7987 -0.3026 5 1 1 1 1 
-0.0464 -0.7909 -0.2969 6 1 1 1 1 
-0.0490 -0.7827 -0.2910 7 1 1 1 1 
-0.0519 -0.7741 -0.2848 8 1 1 1 1 
-0.0549 -0.7650 -0.2784 9 1 1 1 1 
-0.0582 -0.7554 -0.2718 10 1 1 1 1 
-0.0617 -0.7455 -0.2649 11 1 1 1 1 
-0.0654 -0.7351 -0.2579 12 1 1 1 1 
-0.0692 -0.7243 -0.2506 13 1 1 1 1 
-0.0733 -0.7131 -0.2431 14 1 1 1 1 
-0.0775 -0.7015 -0.2355 15 1 1 1 1 
-0.0818 -0.6895 -0.2277 16 1 1 1 1 
-0.0863 -0.6771 -0.2196 17 1 1 1 1 
-0.0910 -0.6644 -0.2115 18 1 1 1 1 
-0.0957 -0.6513 -0.2031 19 1 1 1 1 
-0.1006 -0.6378 -0.1946 20 1 1 1 1 
-0.1056 -0.6240 -0.1860 21 1 1 1 1 
-0.1107 -0.6098 -0.1772 22 1 1 1 1 
-0.1159 -0.5953 -0.1683 23 1 1 1 1 
-0.1212 -0.5804 -0.1592 24 1 1 1 1 
-0.1265 -0.5653 -0.1500 25 1 1 1 1 
-0.1320 -0.5498 -0.1408 26 1 1 1 1 
-0.1374 -0.5340 -0.1314 27 1 1 1 1 
-0.1430 -0.5179 -0.1219 28 1 1 1 1 
-0.1485 -0.5015 -0.1123 29 1 1 1 1 
-0.1541 -0.4849 -0.1026 30 1 1 1 1 
-0.1598 -0.4679 -0.0928 31 1 1 1 1 
-0.1654 -0.4507 -0.0830 32 1 1 1 1 
-0.1710 -0.4333 -0.0731 33 1 1 1 1 
-0.1767 -0.4155 -0.0632 34 1 1 1 1 
-0.1823 -0.3976 -0.0531 35 1 1 1 1 
-0.1879 -0.3794 -0.0431 36 1 1 1 1 
-0.1934 -0.3609 -0.0330 37 1 1 1 1 
-0.1989 -0.3423 -0.0229 38 1 1 1 1 
-0.2044 -0.3234 -0.0127 39 1 1 1 1 
-0.2098 -0.3043 -0.0025 40 1 1 1 1 
-0.2152 -0.2850 0.0077 41 1 1 1 1 
-0.2204 -0.2655 0.0178 42 1 1 1 1 
-0.2256 -0.2458 0.0280 43 1 1 1 1 
-0.2307 -0.2260 0.0382 44 1 1 1 1 
-0.2357 -0.2060 0.0484 45 1 1 1 1 
-0.2405 -0.1858 0.0585 46 1 1 1 1 
-0.2453 -0.1654 0.0686 47 1 1 1 1 
-0.2499 -0.1449 0.0787 48 1 1 1 1 
-0.2544 -0.1243 0.0888 49 1 1 1 1 
-0.2587 -0.1035 0.0987 50 1 1 1 1 
-0.2628 -0.0826 0.1087 51 1 1 1 1 
-0.2668 -0.0616 0.1185 52 1 1 1 1 
-0.2707 -0.0405 0.1283 53 1 1 1 1 
-0.2743 -0.0193 0.1380 54 1 1 1 1 
-0.2777 0.0020 0.1477 55 1 1 1 1 
-0.2810 0.0235 0.1572 56 1 1 1 1 
-0.2840 0.0449 0.1667 57 1 1 1 1 
-0.2868 0.0665 0.1760 58 1 1 1 1 
-0.2894 0.0881 0.1852 59 1 1 1 1 
-0.2917 0.1098 0.1944 60 1 1 1 1 
-0.2938 0.1316 0.2033 61 1 1 1 1 
-0.2956 0.1534 0.2122 62 1 1 1 1 
-0.2972 0.1752 0.2209 63 1 1 1 1 
-0.2985 0.1970 0.2295 64 1 1 1 1 
-0.2995 0.2189 0.2379 65 1 1 1 1 
-0.3002 0.2408 0.2462 66 1 1 1 1 
-0.3006 0.2626 0.2543 67 1 1 1 1 
-0.3007 0.2845 0.2622 68 1 1 1 1 
-0.3005 0.3064 0.2699 69 1 1 1 1 
-0.3000 0.3283 0.2775 70 1 1 1 1 
-0.2991 0.3501 0.2848 71 1 1 1 1 
-0.2979 0.3719 0.2920 72 1 1 1 1 
-0.2963 0.3936 0.2989 73 1 1 1 1 
-0.2943 0.4153 0.3057 74 1 1 1 1 
-0.2920 0.4370 0.3122 75 1 1 1 1 
-0.2893 0.4586 0.3185 76 1 1 1 1 
-0.2862 0.4801 0.3245 77 1 1 1 1 
-0.2827 0.5016 0.3304 78 1 1 1 1 
-0.2788 0.5229 0.3359 79 1 1 1 1 
-0.2744 0.5442 0.3412 80 1 1 1 1 
-0.2697 0.5654 0.3463 81 1 1 1 1 
-0.2645 0.5864 0.3511 82 1 1 1 1 
-0.2588 0.6074 0.3556 83 1 1 1 1 
-0.2528 0.6282 0.3598 84 1 1 1 1 
-0.2462 0.6489 0.3637 85 1 1 1 1 
-0.2392 0.6694 0.3673 86 1 1 1 1 
-0.2317 0.6898 0.3707 87 1 1 1 1 
-0.2237 0.7101 0.3737 88 1 1 1 1 
-0.2152 0.7302 0.3764 89 1 1 1 1 
-0.2061 0.7501 0.3788 90 1 1 1 1 
-0.1966 0.7698 0.3808 91 1 1 1 1 
-0.1866 0.7894 0.3826 92 1 1 1 1 
-0.1760 0.8088 0.3839 93 1 1 1 1 
-0.1648 0.8279 0.3849 94 1 1 1 1 
-0.1531 0.8469 0.3856 95 1 1 1 1 
-0.1409 0.8657 0.3859 96 1 1 1 1 
-0.1281 0.8842 0.3858 97 1 1 1 1 
-0.1147 0.9025 0.3854 98 1 1 1 1 
-0.1147 0.9025 0.3854 0 0 0 0 0 

0.1605 -0.8303 -0.3271 0 0 0 0 0
0.1594 -0.8250 -0.3228 1 1 1 1 1 
0.1581 -0.8191 -0.3181 2 1 1 1 1 
0.1565 -0.8128 -0.3132 3 1 1 1 1 
0.1546 -0.8060 -0.3080 4 1 1 1 1 
0.1525 -0.7987 -0.3026 5 1 1 1 1 
0.1501 -0.7909 -0.2969 6 1 1 1 1 
0.1474 -0.7827 -0.2910 7 1 1 1 1 
0.1446 -0.7741 -0.2848 8 1 1 1 1 
0.1415 -0.7650 -0.2784 9 1 1 1 1 
0.1382 -0.7554 -0.2718 10 1 1 1 1 
0.1348 -0.7455 -0.2649 11 1 1 1 1 
0.1311 -0.7351 -0.2579 12 1 1 1 1 
0.1272 -0.7243 -0.2506 13 1 1 1 1 
0.1232 -0.7131 -0.2431 14 1 1 1 1 
0.1190 -0.7015 -0.2355 15 1 1 1 1 
0.1146 -0.6895 -0.2277 16 1 1 1 1 
0.1101 -0.6771 -0.2196 17 1 1 1 1 
0.1055 -0.6644 -0.2115 18 1 1 1 1 
0.1007 -0.6513 -0.2031 19 1 1 1 1 
0.0958 -0.6378 -0.1946 20 1 1 1 1 
0.0908 -0.6240 -0.1860 21 1 1 1 1 
0.0857 -0.6098 -0.1772 22 1 1 1 1 
0.0805 -0.5953 -0.1683 23 1 1 1 1 
0.0753 -0.5804 -0.1592 24 1 1 1 1 
0.0699 -0.5653 -0.1500 25 1 1 1 1 
0.0645 -0.5498 -0.1408 26 1 1 1 1 
0.0590 -0.5340 -0.1314 27 1 1 1 1 
0.0535 -0.5179 -0.1219 28 1 1 1 1 
0.0479 -0.5015 -0.1123 29 1 1 1 1 
0.0423 -0.4849 -0.1026 30 1 1 1 1 
0.0367 -0.4679 -0.0928 31 1 1 1 1 
0.0311 -0.4507 -0.0830 32 1 1 1 1 
0.0254 -0.4333 -0.0731 33 1 1 1 1 
0.0198 -0.4155 -0.0632 34 1 1 1 1 
0.0142 -0.3976 -0.0531 35 1 1 1 1 
0.0086 -0.3794 -0.0431 36 1 1 1 1 
0.0030 -0.3609 -0.0330 37 1 1 1 1 
-0.0025 -0.3423 -0.0229 38 1 1 1 1 
-0.0080 -0.3234 -0.0127 39 1 1 1 1 
-0.0134 -0.3043 -0.0025 40 1 1 1 1 
-0.0187 -0.2850 0.0077 41 1 1 1 1 
-0.0240 -0.2655 0.0178 42 1 1 1 1 
-0.0292 -0.2458 0.0280 43 1 1 1 1 
-0.0342 -0.2260 0.0382 44 1 1 1 1 
-0.0392 -0.2060 0.0484 45 1 1 1 1 
-0.0441 -0.1858 0.0585 46 1 1 1 1 
-0.0488 -0.1654 0.0686 47 1 1 1 1 
-0.0534 -0.1449 0.0787 48 1 1 1 1 
-0.0579 -0.1243 0.0888 49 1 1 1 1 
-0.0622 -0.1035 0.0987 50 1 1 1 1 
-0.0664 -0.0826 0.1087 51 1 1 1 1 
-0.0704 -0.0616 0.1185 52 1 1 1 1 
-0.0742 -0.0405 0.1283 53 1 1 1 1 
-0.0778 -0.0193 0.1380 54 1 1 1 1 
-0.0813 0.0020 0.1477 55 1 1 1 1 
-0.0845 0.0235 0.1572 56 1 1 1 1 
-0.0876 0.0449 0.1667 57 1 1 1 1 
-0.0904 0.0665 0.1760 58 1 1 1 1 
-0.0929 0.0881 0.1852 59 1 1 1 1 
-0.0953 0.1098 0.1944 60 1 1 1 1 
-0.0974 0.1316 0.2033 61 1 1 1 1 
-0.0992 0.1534 0.2122 62 1 1 1 1 
-0.1008 0.1752 0.2209 63 1 1 1 1 
-0.1020 0.1970 0.2295 64 1 1 1 1 
-0.1031 0.2189 0.2379 65 1 1 1 1 
-0.1038 0.2408 0.2462 66 1 1 1 1 
-0.1042 0.2626 0.2543 67 1 1 1 1 
-0.1043 0.2845 0.2622 68 1 1 1 1 
-0.1041 0.3064 0.2699 69 1 1 1 1 
-0.1035 0.3283 0.2775 70 1 1 1 1 
-0.1026 0.3501 0.2848 71 1 1 1 1 
-0.1014 0.3719 0.2920 72 1 1 1 1 
-0.0998 0.3936 0.2989 73 1 1 1 1 
-0.0979 0.4153 0.3057 74 1 1 1 1 
-0.0955 0.4370 0.3122 75 1 1 1 1 
-0.0928 0.4586 0.3185 76 1 1 1 1 
-0.0897 0.4801 0.3245 77 1 1 1 1 
-0.0862 0.5016 0.3304 78 1 1 1 1 
-0.0823 0.5229 0.3359 79 1 1 1 1 
-0.0780 0.5442 0.3412 80 1 1 1 1 
-0.0732 0.5654 0.3463 81 1 1 1 1 
-0.0680 0.5864 0.3511 82 1 1 1 1 
-0.0624 0.6074 0.3556 83 1 1 1 1 
-0.0563 0.6282 0.3598 84 1 1 1 1 
-0.0497 0.6489 0.3637 85 1 1 1 1 
-0.0427 0.6694 0.3673 86 1 1 1 1 
-0.0352 0.6898 0.3707 87 1 1 1 1 
-0.0272 0.7101 0.3737 88 1 1 1 1 
-0.0187 0.7302 0.3764 89 1 1 1 1 
-0.0097 0.7501 0.3788 90 1 1 1 1 
-0.0002 0.7698 0.3808 91 1 1 1 1 
0.0099 0.7894 0.3826 92 1 1 1 1 
0.0205 0.8088 0.3839 93 1 1 1 1 
0.0316 0.8279 0.3849 94 1 1 1 1 
0.0433 0.8469 0.3856 95 1 1 1 1 
0.0556 0.8657 0.3859 96 1 1 1 1 
0.0684 0.8842 0.3858 97 1 1 1 1 
0.0818 0.9025 0.3854 98 1 1 1 1 
0.0818 0.9025 0.3854 0 0 0 0 0 

