-0.0269 -1.5322 0.0000 0 0 0 0 0 
-0.0363 -1.5303 0.0003 1 1 1 1 1 
-0.0447 -1.5276 0.0012 2 1 1 1 1 
-0.0522 -1.5239 0.0026 3 1 1 1 1 
-0.0587 -1.5190 0.0042 4 1 1 1 1 
-0.0644 -1.5128 0.0060 5 1 1 1 1 
-0.0692 -1.5051 0.0078 6 1 1 1 1 
-0.0732 -1.4958 0.0094 7 1 1 1 1 
-0.0764 -1.4847 0.0107 8 1 1 1 1 
-0.0788 -1.4717 0.0117 9 1 1 1 1 
-0.0805 -1.4567 0.0120 10 1 1 1 1 
-0.0814 -1.4393 0.0116 11 1 1 1 1 
-0.0817 -1.4197 0.0104 12 1 1 1 1 
-0.0813 -1.3974 0.0081 13 1 1 1 1 
-0.0803 -1.3725 0.0047 14 0 0 0 0 
-0.0803 -1.3725 0.0047 15 0 0 0 0 

-0.0269 -1.5322 0.0000 0 0 0 0 0 
-0.0363 -1.5303 0.0003 1 1 1 1 1 
-0.0447 -1.5276 0.0012 2 1 1 1 1 
-0.0522 -1.5239 0.0026 3 1 1 1 1 
-0.0587 -1.5190 0.0042 4 1 1 1 1 
-0.0644 -1.5128 0.0060 5 1 1 1 1 
-0.0692 -1.5051 0.0078 6 1 1 1 1 
-0.0732 -1.4958 0.0094 7 1 1 1 1 
-0.0764 -1.4847 0.0107 8 1 1 1 1 
-0.0788 -1.4717 0.0117 9 1 1 1 1 
-0.0805 -1.4567 0.0120 10 1 1 1 1 
-0.0814 -1.4393 0.0116 11 1 1 1 1 
-0.0817 -1.4197 0.0104 12 1 1 1 1 
-0.0813 -1.3974 0.0081 13 1 1 1 1 
-0.0803 -1.3725 0.0047 14 0 0 0 0 
-0.0803 -1.3725 0.0047 15 0 0 0 0 

-0.0269 -1.5322 -0.0076 0 0 0 0 0 
-0.0363 -1.5303 -0.0073 1 1 1 1 1 
-0.0447 -1.5276 -0.0064 2 1 1 1 1 
-0.0522 -1.5239 -0.0050 3 1 1 1 1 
-0.0587 -1.5190 -0.0034 4 1 1 1 1 
-0.0644 -1.5128 -0.0016 5 1 1 1 1 
-0.0692 -1.5051 0.0002 6 1 1 1 1 
-0.0732 -1.4958 0.0018 7 1 1 1 1 
-0.0764 -1.4847 0.0031 8 1 1 1 1 
-0.0788 -1.4717 0.0041 9 1 1 1 1 
-0.0805 -1.4567 0.0044 10 1 1 1 1 
-0.0814 -1.4393 0.0040 11 1 1 1 1 
-0.0817 -1.4197 0.0028 12 1 1 1 1 
-0.0813 -1.3974 0.0005 13 1 1 1 1 
-0.0803 -1.3725 -0.0029 14 0 0 0 0 
-0.0803 -1.3725 -0.0029 15 0 0 0 0 

-0.0269 -1.5322 -0.0076 0 0 0 0 0 
-0.0363 -1.5303 -0.0073 1 1 1 1 1 
-0.0447 -1.5276 -0.0064 2 1 1 1 1 
-0.0522 -1.5239 -0.0050 3 1 1 1 1 
-0.0587 -1.5190 -0.0034 4 1 1 1 1 
-0.0644 -1.5128 -0.0016 5 1 1 1 1 
-0.0692 -1.5051 0.0002 6 1 1 1 1 
-0.0732 -1.4958 0.0018 7 1 1 1 1 
-0.0764 -1.4847 0.0031 8 1 1 1 1 
-0.0788 -1.4717 0.0041 9 1 1 1 1 
-0.0805 -1.4567 0.0044 10 1 1 1 1 
-0.0814 -1.4393 0.0040 11 1 1 1 1 
-0.0817 -1.4197 0.0028 12 1 1 1 1 
-0.0813 -1.3974 0.0005 13 1 1 1 1 
-0.0803 -1.3725 -0.0029 14 0 0 0 0 
-0.0803 -1.3725 -0.0029 15 0 0 0 0 

-0.0269 -1.5309 -0.0165 0 0 0 0 0 
-0.0363 -1.5291 -0.0161 1 1 1 1 1 
-0.0447 -1.5263 -0.0152 2 1 1 1 1 
-0.0522 -1.5226 -0.0139 3 1 1 1 1 
-0.0587 -1.5177 -0.0122 4 1 1 1 1 
-0.0644 -1.5115 -0.0105 5 1 1 1 1 
-0.0692 -1.5038 -0.0087 6 1 1 1 1 
-0.0732 -1.4945 -0.0071 7 1 1 1 1 
-0.0764 -1.4834 -0.0057 8 1 1 1 1 
-0.0788 -1.4705 -0.0048 9 1 1 1 1 
-0.0805 -1.4554 -0.0045 10 1 1 1 1 
-0.0814 -1.4381 -0.0049 11 1 1 1 1 
-0.0817 -1.4184 -0.0061 12 1 1 1 1 
-0.0813 -1.3962 -0.0084 13 1 1 1 1 
-0.0803 -1.3713 -0.0118 14 0 0 0 0 
-0.0803 -1.3713 -0.0118 15 0 0 0 0 

-0.0269 -1.5309 -0.0165 0 0 0 0 0 
-0.0363 -1.5291 -0.0161 1 1 1 1 1 
-0.0447 -1.5263 -0.0152 2 1 1 1 1 
-0.0522 -1.5226 -0.0139 3 1 1 1 1 
-0.0587 -1.5177 -0.0122 4 1 1 1 1 
-0.0644 -1.5115 -0.0105 5 1 1 1 1 
-0.0692 -1.5038 -0.0087 6 1 1 1 1 
-0.0732 -1.4945 -0.0071 7 1 1 1 1 
-0.0764 -1.4834 -0.0057 8 1 1 1 1 
-0.0788 -1.4705 -0.0048 9 1 1 1 1 
-0.0805 -1.4554 -0.0045 10 1 1 1 1 
-0.0814 -1.4381 -0.0049 11 1 1 1 1 
-0.0817 -1.4184 -0.0061 12 1 1 1 1 
-0.0813 -1.3962 -0.0084 13 1 1 1 1 
-0.0803 -1.3713 -0.0118 14 0 0 0 0 
-0.0803 -1.3713 -0.0118 15 0 0 0 0 

-0.0131 -1.5241 0.0084 0 0 0 0 0 
-0.0227 -1.5223 0.0088 1 1 1 1 1 
-0.0316 -1.5199 0.0097 2 1 1 1 1 
-0.0398 -1.5166 0.0110 3 1 1 1 1 
-0.0474 -1.5123 0.0127 4 1 1 1 1 
-0.0542 -1.5069 0.0144 5 1 1 1 1 
-0.0603 -1.5000 0.0162 6 1 1 1 1 
-0.0657 -1.4915 0.0178 7 1 1 1 1 
-0.0702 -1.4813 0.0192 8 1 1 1 1 
-0.0740 -1.4691 0.0201 9 1 1 1 1 
-0.0769 -1.4549 0.0204 10 1 1 1 1 
-0.0790 -1.4383 0.0200 11 1 1 1 1 
-0.0803 -1.4192 0.0188 12 1 1 1 1 
-0.0806 -1.3975 0.0165 13 1 1 1 1 
-0.0801 -1.3729 0.0131 14 0 0 0 0 
-0.0801 -1.3729 0.0131 15 0 0 0 0 

-0.0269 -1.5326 0.0084 0 0 0 0 0 
-0.0363 -1.5307 0.0088 1 1 1 1 1 
-0.0447 -1.5280 0.0097 2 1 1 1 1 
-0.0522 -1.5243 0.0110 3 1 1 1 1 
-0.0587 -1.5194 0.0127 4 1 1 1 1 
-0.0644 -1.5132 0.0144 5 1 1 1 1 
-0.0692 -1.5055 0.0162 6 1 1 1 1 
-0.0732 -1.4962 0.0178 7 1 1 1 1 
-0.0764 -1.4851 0.0192 8 1 1 1 1 
-0.0788 -1.4721 0.0201 9 1 1 1 1 
-0.0805 -1.4571 0.0204 10 1 1 1 1 
-0.0814 -1.4398 0.0200 11 1 1 1 1 
-0.0817 -1.4201 0.0188 12 1 1 1 1 
-0.0813 -1.3979 0.0165 13 1 1 1 1 
-0.0803 -1.3730 0.0131 14 0 0 0 0 
-0.0803 -1.3730 0.0131 15 0 0 0 0 

-0.0269 -1.5313 0.0249 0 0 0 0 0 
-0.0363 -1.5295 0.0252 1 1 1 1 1 
-0.0447 -1.5268 0.0261 2 1 1 1 1 
-0.0522 -1.5230 0.0275 3 1 1 1 1 
-0.0587 -1.5181 0.0291 4 1 1 1 1 
-0.0644 -1.5119 0.0309 5 1 1 1 1 
-0.0692 -1.5042 0.0327 6 1 1 1 1 
-0.0732 -1.4949 0.0343 7 1 1 1 1 
-0.0764 -1.4839 0.0356 8 1 1 1 1 
-0.0788 -1.4709 0.0366 9 1 1 1 1 
-0.0805 -1.4558 0.0369 10 1 1 1 1 
-0.0814 -1.4385 0.0365 11 1 1 1 1 
-0.0817 -1.4188 0.0353 12 1 1 1 1 
-0.0813 -1.3966 0.0330 13 1 1 1 1 
-0.0803 -1.3717 0.0296 14 0 0 0 0 
-0.0803 -1.3717 0.0296 15 0 0 0 0 

-0.0269 -1.5313 0.0249 0 0 0 0 0 
-0.0363 -1.5295 0.0252 1 1 1 1 1 
-0.0447 -1.5268 0.0261 2 1 1 1 1 
-0.0522 -1.5230 0.0275 3 1 1 1 1 
-0.0587 -1.5181 0.0291 4 1 1 1 1 
-0.0644 -1.5119 0.0309 5 1 1 1 1 
-0.0692 -1.5042 0.0327 6 1 1 1 1 
-0.0732 -1.4949 0.0343 7 1 1 1 1 
-0.0764 -1.4839 0.0356 8 1 1 1 1 
-0.0788 -1.4709 0.0366 9 1 1 1 1 
-0.0805 -1.4558 0.0369 10 1 1 1 1 
-0.0814 -1.4385 0.0365 11 1 1 1 1 
-0.0817 -1.4188 0.0353 12 1 1 1 1 
-0.0813 -1.3966 0.0330 13 1 1 1 1 
-0.0803 -1.3717 0.0296 14 0 0 0 0 
-0.0803 -1.3717 0.0296 15 0 0 0 0 

-0.0269 -1.5305 0.0363 0 0 0 0 0 
-0.0363 -1.5286 0.0366 1 1 1 1 1 
-0.0447 -1.5259 0.0375 2 1 1 1 1 
-0.0522 -1.5222 0.0389 3 1 1 1 1 
-0.0587 -1.5173 0.0405 4 1 1 1 1 
-0.0644 -1.5111 0.0423 5 1 1 1 1 
-0.0692 -1.5034 0.0441 6 1 1 1 1 
-0.0732 -1.4941 0.0457 7 1 1 1 1 
-0.0764 -1.4830 0.0470 8 1 1 1 1 
-0.0788 -1.4700 0.0479 9 1 1 1 1 
-0.0805 -1.4550 0.0483 10 1 1 1 1 
-0.0814 -1.4377 0.0479 11 1 1 1 1 
-0.0817 -1.4180 0.0467 12 1 1 1 1 
-0.0813 -1.3958 0.0444 13 1 1 1 1 
-0.0803 -1.3709 0.0410 14 0 0 0 0 
-0.0803 -1.3709 0.0410 15 0 0 0 0 

-0.0269 -1.5305 0.0363 0 0 0 0 0 
-0.0363 -1.5286 0.0366 1 1 1 1 1 
-0.0447 -1.5259 0.0375 2 1 1 1 1 
-0.0522 -1.5222 0.0389 3 1 1 1 1 
-0.0587 -1.5173 0.0405 4 1 1 1 1 
-0.0644 -1.5111 0.0423 5 1 1 1 1 
-0.0692 -1.5034 0.0441 6 1 1 1 1 
-0.0732 -1.4941 0.0457 7 1 1 1 1 
-0.0764 -1.4830 0.0470 8 1 1 1 1 
-0.0788 -1.4700 0.0479 9 1 1 1 1 
-0.0805 -1.4550 0.0483 10 1 1 1 1 
-0.0814 -1.4377 0.0479 11 1 1 1 1 
-0.0817 -1.4180 0.0467 12 1 1 1 1 
-0.0813 -1.3958 0.0444 13 1 1 1 1 
-0.0803 -1.3709 0.0410 14 0 0 0 0 
-0.0803 -1.3709 0.0410 15 0 0 0 0 

-0.0269 -1.5343 -0.0287 0 0 0 0 0 
-0.0363 -1.5324 -0.0284 1 1 1 1 1 
-0.0447 -1.5297 -0.0275 2 1 1 1 1 
-0.0522 -1.5260 -0.0261 3 1 1 1 1 
-0.0587 -1.5211 -0.0245 4 1 1 1 1 
-0.0644 -1.5149 -0.0227 5 1 1 1 1 
-0.0692 -1.5072 -0.0209 6 1 1 1 1 
-0.0732 -1.4979 -0.0193 7 1 1 1 1 
-0.0764 -1.4868 -0.0180 8 1 1 1 1 
-0.0788 -1.4738 -0.0170 9 1 1 1 1 
-0.0805 -1.4588 -0.0167 10 1 1 1 1 
-0.0814 -1.4415 -0.0171 11 1 1 1 1 
-0.0817 -1.4218 -0.0183 12 1 1 1 1 
-0.0813 -1.3996 -0.0206 13 1 1 1 1 
-0.0803 -1.3747 -0.0240 14 0 0 0 0 
-0.0803 -1.3747 -0.0240 15 0 0 0 0 

-0.0269 -1.5343 -0.0287 0 0 0 0 0 
-0.0363 -1.5324 -0.0284 1 1 1 1 1 
-0.0447 -1.5297 -0.0275 2 1 1 1 1 
-0.0522 -1.5260 -0.0261 3 1 1 1 1 
-0.0587 -1.5211 -0.0245 4 1 1 1 1 
-0.0644 -1.5149 -0.0227 5 1 1 1 1 
-0.0692 -1.5072 -0.0209 6 1 1 1 1 
-0.0732 -1.4979 -0.0193 7 1 1 1 1 
-0.0764 -1.4868 -0.0180 8 1 1 1 1 
-0.0788 -1.4738 -0.0170 9 1 1 1 1 
-0.0805 -1.4588 -0.0167 10 1 1 1 1 
-0.0814 -1.4415 -0.0171 11 1 1 1 1 
-0.0817 -1.4218 -0.0183 12 1 1 1 1 
-0.0813 -1.3996 -0.0206 13 1 1 1 1 
-0.0803 -1.3747 -0.0240 14 0 0 0 0 
-0.0803 -1.3747 -0.0240 15 0 0 0 0 

-0.0269 -1.5301 -0.0393 0 0 0 0 0 
-0.0363 -1.5282 -0.0389 1 1 1 1 1 
-0.0447 -1.5255 -0.0380 2 1 1 1 1 
-0.0522 -1.5218 -0.0367 3 1 1 1 1 
-0.0587 -1.5169 -0.0350 4 1 1 1 1 
-0.0644 -1.5106 -0.0333 5 1 1 1 1 
-0.0692 -1.5030 -0.0315 6 1 1 1 1 
-0.0732 -1.4937 -0.0299 7 1 1 1 1 
-0.0764 -1.4826 -0.0285 8 1 1 1 1 
-0.0788 -1.4696 -0.0276 9 1 1 1 1 
-0.0805 -1.4545 -0.0273 10 1 1 1 1 
-0.0814 -1.4372 -0.0276 11 1 1 1 1 
-0.0817 -1.4176 -0.0289 12 1 1 1 1 
-0.0813 -1.3953 -0.0311 13 1 1 1 1 
-0.0803 -1.3704 -0.0346 14 0 0 0 0 
-0.0803 -1.3704 -0.0346 15 0 0 0 0 

-0.0269 -1.5301 -0.0393 0 0 0 0 0 
-0.0363 -1.5282 -0.0389 1 1 1 1 1 
-0.0447 -1.5255 -0.0380 2 1 1 1 1 
-0.0522 -1.5218 -0.0367 3 1 1 1 1 
-0.0587 -1.5169 -0.0350 4 1 1 1 1 
-0.0644 -1.5106 -0.0333 5 1 1 1 1 
-0.0692 -1.5030 -0.0315 6 1 1 1 1 
-0.0732 -1.4937 -0.0299 7 1 1 1 1 
-0.0764 -1.4826 -0.0285 8 1 1 1 1 
-0.0788 -1.4696 -0.0276 9 1 1 1 1 
-0.0805 -1.4545 -0.0273 10 1 1 1 1 
-0.0814 -1.4372 -0.0276 11 1 1 1 1 
-0.0817 -1.4176 -0.0289 12 1 1 1 1 
-0.0813 -1.3953 -0.0311 13 1 1 1 1 
-0.0803 -1.3704 -0.0346 14 0 0 0 0 
-0.0803 -1.3704 -0.0346 15 0 0 0 0 

-0.0269 -1.5301 -0.0393 0 0 0 0 0 
-0.0363 -1.5282 -0.0389 1 1 1 1 1 
-0.0447 -1.5255 -0.0380 2 1 1 1 1 
-0.0522 -1.5218 -0.0367 3 1 1 1 1 
-0.0587 -1.5169 -0.0350 4 1 1 1 1 
-0.0644 -1.5106 -0.0333 5 1 1 1 1 
-0.0692 -1.5030 -0.0315 6 1 1 1 1 
-0.0732 -1.4937 -0.0299 7 1 1 1 1 
-0.0764 -1.4826 -0.0285 8 1 1 1 1 
-0.0788 -1.4696 -0.0276 9 1 1 1 1 
-0.0805 -1.4545 -0.0273 10 1 1 1 1 
-0.0814 -1.4372 -0.0276 11 1 1 1 1 
-0.0817 -1.4176 -0.0289 12 1 1 1 1 
-0.0813 -1.3953 -0.0311 13 1 1 1 1 
-0.0803 -1.3704 -0.0346 14 0 0 0 0 
-0.0803 -1.3704 -0.0346 15 0 0 0 0 

-0.0269 -1.5301 -0.0393 0 0 0 0 0 
-0.0363 -1.5282 -0.0389 1 1 1 1 1 
-0.0447 -1.5255 -0.0380 2 1 1 1 1 
-0.0522 -1.5218 -0.0367 3 1 1 1 1 
-0.0587 -1.5169 -0.0350 4 1 1 1 1 
-0.0644 -1.5106 -0.0333 5 1 1 1 1 
-0.0692 -1.5030 -0.0315 6 1 1 1 1 
-0.0732 -1.4937 -0.0299 7 1 1 1 1 
-0.0764 -1.4826 -0.0285 8 1 1 1 1 
-0.0788 -1.4696 -0.0276 9 1 1 1 1 
-0.0805 -1.4545 -0.0273 10 1 1 1 1 
-0.0814 -1.4372 -0.0276 11 1 1 1 1 
-0.0817 -1.4176 -0.0289 12 1 1 1 1 
-0.0813 -1.3953 -0.0311 13 1 1 1 1 
-0.0803 -1.3704 -0.0346 14 0 0 0 0 
-0.0803 -1.3704 -0.0346 15 0 0 0 0 

0.0740 -1.4731 0.0826 0 0 0 0 0 
0.0749 -1.4711 0.0829 1 1 1 1 1 
0.0751 -1.4664 0.0839 2 1 1 1 1 
0.0748 -1.4591 0.0852 3 1 1 1 1 
0.0740 -1.4494 0.0869 4 1 1 1 1 
0.0728 -1.4373 0.0887 5 1 1 1 1 
0.0713 -1.4231 0.0904 6 1 1 1 1 
0.0697 -1.4067 0.0921 7 1 1 1 1 
0.0681 -1.3883 0.0935 8 1 1 1 1 
0.0666 -1.3681 0.0944 9 1 1 1 1 
0.0652 -1.3461 0.0947 10 1 1 1 1 
0.0642 -1.3225 0.0943 11 1 1 1 1 
0.0636 -1.2973 0.0931 12 1 1 1 1 
0.0634 -1.2708 0.0908 13 1 1 1 1 
0.0640 -1.2429 0.0873 14 0 0 0 0 
0.0640 -1.2429 0.0873 15 0 0 0 0 

-0.0131 -1.5418 0.0135 0 0 0 0 0 
-0.0227 -1.5400 0.0138 1 1 1 1 1 
-0.0316 -1.5376 0.0148 2 1 1 1 1 
-0.0398 -1.5344 0.0161 3 1 1 1 1 
-0.0474 -1.5301 0.0177 4 1 1 1 1 
-0.0542 -1.5246 0.0195 5 1 1 1 1 
-0.0603 -1.5177 0.0213 6 1 1 1 1 
-0.0657 -1.5092 0.0229 7 1 1 1 1 
-0.0702 -1.4990 0.0242 8 1 1 1 1 
-0.0740 -1.4869 0.0252 9 1 1 1 1 
-0.0769 -1.4726 0.0255 10 1 1 1 1 
-0.0790 -1.4560 0.0251 11 1 1 1 1 
-0.0803 -1.4369 0.0239 12 1 1 1 1 
-0.0806 -1.4152 0.0216 13 1 1 1 1 
-0.0801 -1.3906 0.0182 14 0 0 0 0 
-0.0801 -1.3906 0.0182 15 0 0 0 0 

-0.0131 -1.5418 0.0135 0 0 0 0 0 
-0.0227 -1.5400 0.0138 1 1 1 1 1 
-0.0316 -1.5376 0.0148 2 1 1 1 1 
-0.0398 -1.5344 0.0161 3 1 1 1 1 
-0.0474 -1.5301 0.0177 4 1 1 1 1 
-0.0542 -1.5246 0.0195 5 1 1 1 1 
-0.0603 -1.5177 0.0213 6 1 1 1 1 
-0.0657 -1.5092 0.0229 7 1 1 1 1 
-0.0702 -1.4990 0.0242 8 1 1 1 1 
-0.0740 -1.4869 0.0252 9 1 1 1 1 
-0.0769 -1.4726 0.0255 10 1 1 1 1 
-0.0790 -1.4560 0.0251 11 1 1 1 1 
-0.0803 -1.4369 0.0239 12 1 1 1 1 
-0.0806 -1.4152 0.0216 13 1 1 1 1 
-0.0801 -1.3906 0.0182 14 0 0 0 0 
-0.0801 -1.3906 0.0182 15 0 0 0 0 

-0.0131 -1.5452 0.0013 0 0 0 0 0 
-0.0227 -1.5434 0.0016 1 1 1 1 1 
-0.0316 -1.5410 0.0025 2 1 1 1 1 
-0.0398 -1.5377 0.0039 3 1 1 1 1 
-0.0474 -1.5335 0.0055 4 1 1 1 1 
-0.0542 -1.5280 0.0073 5 1 1 1 1 
-0.0603 -1.5211 0.0090 6 1 1 1 1 
-0.0657 -1.5126 0.0107 7 1 1 1 1 
-0.0702 -1.5024 0.0120 8 1 1 1 1 
-0.0740 -1.4902 0.0129 9 1 1 1 1 
-0.0769 -1.4760 0.0133 10 1 1 1 1 
-0.0790 -1.4594 0.0129 11 1 1 1 1 
-0.0803 -1.4403 0.0116 12 1 1 1 1 
-0.0806 -1.4186 0.0094 13 1 1 1 1 
-0.0801 -1.3940 0.0060 14 0 0 0 0 
-0.0801 -1.3940 0.0060 15 0 0 0 0 

-0.0131 -1.5452 0.0013 0 0 0 0 0 
-0.0227 -1.5434 0.0016 1 1 1 1 1 
-0.0316 -1.5410 0.0025 2 1 1 1 1 
-0.0398 -1.5377 0.0039 3 1 1 1 1 
-0.0474 -1.5335 0.0055 4 1 1 1 1 
-0.0542 -1.5280 0.0073 5 1 1 1 1 
-0.0603 -1.5211 0.0090 6 1 1 1 1 
-0.0657 -1.5126 0.0107 7 1 1 1 1 
-0.0702 -1.5024 0.0120 8 1 1 1 1 
-0.0740 -1.4902 0.0129 9 1 1 1 1 
-0.0769 -1.4760 0.0133 10 1 1 1 1 
-0.0790 -1.4594 0.0129 11 1 1 1 1 
-0.0803 -1.4403 0.0116 12 1 1 1 1 
-0.0806 -1.4186 0.0094 13 1 1 1 1 
-0.0801 -1.3940 0.0060 14 0 0 0 0 
-0.0801 -1.3940 0.0060 15 0 0 0 0 

-0.0131 -1.5410 -0.0093 0 0 0 0 0 
-0.0227 -1.5392 -0.0089 1 1 1 1 1 
-0.0316 -1.5368 -0.0080 2 1 1 1 1 
-0.0398 -1.5335 -0.0067 3 1 1 1 1 
-0.0474 -1.5292 -0.0051 4 1 1 1 1 
-0.0542 -1.5237 -0.0033 5 1 1 1 1 
-0.0603 -1.5169 -0.0015 6 1 1 1 1 
-0.0657 -1.5084 0.0001 7 1 1 1 1 
-0.0702 -1.4982 0.0015 8 1 1 1 1 
-0.0740 -1.4860 0.0024 9 1 1 1 1 
-0.0769 -1.4717 0.0027 10 1 1 1 1 
-0.0790 -1.4552 0.0023 11 1 1 1 1 
-0.0803 -1.4361 0.0011 12 1 1 1 1 
-0.0806 -1.4143 -0.0012 13 1 1 1 1 
-0.0801 -1.3897 -0.0046 14 0 0 0 0 
-0.0801 -1.3897 -0.0046 15 0 0 0 0 

-0.0131 -1.5410 -0.0093 0 0 0 0 0 
-0.0227 -1.5392 -0.0089 1 1 1 1 1 
-0.0316 -1.5368 -0.0080 2 1 1 1 1 
-0.0398 -1.5335 -0.0067 3 1 1 1 1 
-0.0474 -1.5292 -0.0051 4 1 1 1 1 
-0.0542 -1.5237 -0.0033 5 1 1 1 1 
-0.0603 -1.5169 -0.0015 6 1 1 1 1 
-0.0657 -1.5084 0.0001 7 1 1 1 1 
-0.0702 -1.4982 0.0015 8 1 1 1 1 
-0.0740 -1.4860 0.0024 9 1 1 1 1 
-0.0769 -1.4717 0.0027 10 1 1 1 1 
-0.0790 -1.4552 0.0023 11 1 1 1 1 
-0.0803 -1.4361 0.0011 12 1 1 1 1 
-0.0806 -1.4143 -0.0012 13 1 1 1 1 
-0.0801 -1.3897 -0.0046 14 0 0 0 0 
-0.0801 -1.3897 -0.0046 15 0 0 0 0 

-0.0131 -1.5410 -0.0093 0 0 0 0 0 
-0.0227 -1.5392 -0.0089 1 1 1 1 1 
-0.0316 -1.5368 -0.0080 2 1 1 1 1 
-0.0398 -1.5335 -0.0067 3 1 1 1 1 
-0.0474 -1.5292 -0.0051 4 1 1 1 1 
-0.0542 -1.5237 -0.0033 5 1 1 1 1 
-0.0603 -1.5169 -0.0015 6 1 1 1 1 
-0.0657 -1.5084 0.0001 7 1 1 1 1 
-0.0702 -1.4982 0.0015 8 1 1 1 1 
-0.0740 -1.4860 0.0024 9 1 1 1 1 
-0.0769 -1.4717 0.0027 10 1 1 1 1 
-0.0790 -1.4552 0.0023 11 1 1 1 1 
-0.0803 -1.4361 0.0011 12 1 1 1 1 
-0.0806 -1.4143 -0.0012 13 1 1 1 1 
-0.0801 -1.3897 -0.0046 14 0 0 0 0 
-0.0801 -1.3897 -0.0046 15 0 0 0 0 

-0.0131 -1.5410 -0.0093 0 0 0 0 0 
-0.0227 -1.5392 -0.0089 1 1 1 1 1 
-0.0316 -1.5368 -0.0080 2 1 1 1 1 
-0.0398 -1.5335 -0.0067 3 1 1 1 1 
-0.0474 -1.5292 -0.0051 4 1 1 1 1 
-0.0542 -1.5237 -0.0033 5 1 1 1 1 
-0.0603 -1.5169 -0.0015 6 1 1 1 1 
-0.0657 -1.5084 0.0001 7 1 1 1 1 
-0.0702 -1.4982 0.0015 8 1 1 1 1 
-0.0740 -1.4860 0.0024 9 1 1 1 1 
-0.0769 -1.4717 0.0027 10 1 1 1 1 
-0.0790 -1.4552 0.0023 11 1 1 1 1 
-0.0803 -1.4361 0.0011 12 1 1 1 1 
-0.0806 -1.4143 -0.0012 13 1 1 1 1 
-0.0801 -1.3897 -0.0046 14 0 0 0 0 
-0.0801 -1.3897 -0.0046 15 0 0 0 0 

0.0740 -1.4782 0.0851 0 0 0 0 0 
0.0749 -1.4762 0.0855 1 1 1 1 1 
0.0751 -1.4715 0.0864 2 1 1 1 1 
0.0748 -1.4642 0.0877 3 1 1 1 1 
0.0740 -1.4545 0.0894 4 1 1 1 1 
0.0728 -1.4424 0.0912 5 1 1 1 1 
0.0713 -1.4281 0.0930 6 1 1 1 1 
0.0697 -1.4117 0.0946 7 1 1 1 1 
0.0681 -1.3934 0.0960 8 1 1 1 1 
0.0666 -1.3731 0.0969 9 1 1 1 1 
0.0652 -1.3511 0.0972 10 1 1 1 1 
0.0642 -1.3275 0.0969 11 1 1 1 1 
0.0636 -1.3024 0.0956 12 1 1 1 1 
0.0634 -1.2758 0.0933 13 1 1 1 1 
0.0640 -1.2480 0.0899 14 0 0 0 0 
0.0640 -1.2480 0.0899 15 0 0 0 0 

0.0740 -1.4773 0.0771 0 0 0 0 0 
0.0749 -1.4753 0.0774 1 1 1 1 1 
0.0751 -1.4706 0.0784 2 1 1 1 1 
0.0748 -1.4633 0.0797 3 1 1 1 1 
0.0740 -1.4536 0.0814 4 1 1 1 1 
0.0728 -1.4416 0.0832 5 1 1 1 1 
0.0713 -1.4273 0.0850 6 1 1 1 1 
0.0697 -1.4109 0.0866 7 1 1 1 1 
0.0681 -1.3925 0.0880 8 1 1 1 1 
0.0666 -1.3723 0.0889 9 1 1 1 1 
0.0652 -1.3503 0.0892 10 1 1 1 1 
0.0642 -1.3267 0.0888 11 1 1 1 1 
0.0636 -1.3015 0.0876 12 1 1 1 1 
0.0634 -1.2750 0.0853 13 1 1 1 1 
0.0640 -1.2472 0.0819 14 0 0 0 0 
0.0640 -1.2472 0.0819 15 0 0 0 0 

0.0786 -1.4748 0.0826 0 0 0 0 0 
0.0796 -1.4728 0.0829 1 1 1 1 1 
0.0798 -1.4681 0.0839 2 1 1 1 1 
0.0794 -1.4608 0.0852 3 1 1 1 1 
0.0786 -1.4511 0.0869 4 1 1 1 1 
0.0774 -1.4390 0.0887 5 1 1 1 1 
0.0760 -1.4247 0.0904 6 1 1 1 1 
0.0744 -1.4084 0.0921 7 1 1 1 1 
0.0728 -1.3900 0.0935 8 1 1 1 1 
0.0712 -1.3698 0.0944 9 1 1 1 1 
0.0699 -1.3478 0.0947 10 1 1 1 1 
0.0688 -1.3241 0.0943 11 1 1 1 1 
0.0682 -1.2990 0.0931 12 1 1 1 1 
0.0681 -1.2725 0.0908 13 1 1 1 1 
0.0686 -1.2446 0.0873 14 0 0 0 0 
0.0686 -1.2446 0.0873 15 0 0 0 0 

0.0786 -1.4799 0.0851 0 0 0 0 0 
0.0796 -1.4778 0.0855 1 1 1 1 1 
0.0798 -1.4731 0.0864 2 1 1 1 1 
0.0794 -1.4659 0.0877 3 1 1 1 1 
0.0786 -1.4562 0.0894 4 1 1 1 1 
0.0774 -1.4441 0.0912 5 1 1 1 1 
0.0760 -1.4298 0.0930 6 1 1 1 1 
0.0744 -1.4134 0.0946 7 1 1 1 1 
0.0728 -1.3951 0.0960 8 1 1 1 1 
0.0712 -1.3748 0.0969 9 1 1 1 1 
0.0699 -1.3528 0.0972 10 1 1 1 1 
0.0688 -1.3292 0.0969 11 1 1 1 1 
0.0682 -1.3041 0.0956 12 1 1 1 1 
0.0681 -1.2775 0.0933 13 1 1 1 1 
0.0686 -1.2497 0.0899 14 0 0 0 0 
0.0686 -1.2497 0.0899 15 0 0 0 0 

0.0786 -1.4790 0.0771 0 0 0 0 0 
0.0796 -1.4770 0.0774 1 1 1 1 1 
0.0798 -1.4723 0.0784 2 1 1 1 1 
0.0794 -1.4650 0.0797 3 1 1 1 1 
0.0786 -1.4553 0.0814 4 1 1 1 1 
0.0774 -1.4432 0.0832 5 1 1 1 1 
0.0760 -1.4290 0.0850 6 1 1 1 1 
0.0744 -1.4126 0.0866 7 1 1 1 1 
0.0728 -1.3942 0.0880 8 1 1 1 1 
0.0712 -1.3740 0.0889 9 1 1 1 1 
0.0699 -1.3520 0.0892 10 1 1 1 1 
0.0688 -1.3284 0.0888 11 1 1 1 1 
0.0682 -1.3032 0.0876 12 1 1 1 1 
0.0681 -1.2767 0.0853 13 1 1 1 1 
0.0686 -1.2489 0.0819 14 0 0 0 0 
0.0686 -1.2489 0.0819 15 0 0 0 0 

0.0685 -1.4744 0.0826 0 0 0 0 0 
0.0694 -1.4724 0.0829 1 1 1 1 1 
0.0697 -1.4677 0.0839 2 1 1 1 1 
0.0693 -1.4604 0.0852 3 1 1 1 1 
0.0685 -1.4507 0.0869 4 1 1 1 1 
0.0673 -1.4386 0.0887 5 1 1 1 1 
0.0658 -1.4243 0.0904 6 1 1 1 1 
0.0642 -1.4079 0.0921 7 1 1 1 1 
0.0626 -1.3896 0.0935 8 1 1 1 1 
0.0611 -1.3693 0.0944 9 1 1 1 1 
0.0597 -1.3473 0.0947 10 1 1 1 1 
0.0587 -1.3237 0.0943 11 1 1 1 1 
0.0581 -1.2986 0.0931 12 1 1 1 1 
0.0580 -1.2720 0.0908 13 1 1 1 1 
0.0585 -1.2442 0.0873 14 0 0 0 0 
0.0585 -1.2442 0.0873 15 0 0 0 0 

0.0685 -1.4794 0.0851 0 0 0 0 0 
0.0694 -1.4774 0.0855 1 1 1 1 1 
0.0697 -1.4727 0.0864 2 1 1 1 1 
0.0693 -1.4655 0.0877 3 1 1 1 1 
0.0685 -1.4557 0.0894 4 1 1 1 1 
0.0673 -1.4437 0.0912 5 1 1 1 1 
0.0658 -1.4294 0.0930 6 1 1 1 1 
0.0642 -1.4130 0.0946 7 1 1 1 1 
0.0626 -1.3946 0.0960 8 1 1 1 1 
0.0611 -1.3744 0.0969 9 1 1 1 1 
0.0597 -1.3524 0.0972 10 1 1 1 1 
0.0587 -1.3288 0.0969 11 1 1 1 1 
0.0581 -1.3036 0.0956 12 1 1 1 1 
0.0580 -1.2771 0.0933 13 1 1 1 1 
0.0585 -1.2493 0.0899 14 0 0 0 0 
0.0585 -1.2493 0.0899 15 0 0 0 0 

0.0685 -1.4786 0.0771 0 0 0 0 0 
0.0694 -1.4766 0.0774 1 1 1 1 1 
0.0697 -1.4719 0.0784 2 1 1 1 1 
0.0693 -1.4646 0.0797 3 1 1 1 1 
0.0685 -1.4549 0.0814 4 1 1 1 1 
0.0673 -1.4428 0.0832 5 1 1 1 1 
0.0658 -1.4285 0.0850 6 1 1 1 1 
0.0642 -1.4122 0.0866 7 1 1 1 1 
0.0626 -1.3938 0.0880 8 1 1 1 1 
0.0611 -1.3736 0.0889 9 1 1 1 1 
0.0597 -1.3516 0.0892 10 1 1 1 1 
0.0587 -1.3279 0.0888 11 1 1 1 1 
0.0581 -1.3028 0.0876 12 1 1 1 1 
0.0580 -1.2763 0.0853 13 1 1 1 1 
0.0585 -1.2484 0.0819 14 0 0 0 0 
0.0585 -1.2484 0.0819 15 0 0 0 0 

0.0731 -1.4773 0.0826 0 0 0 0 0 
0.0741 -1.4753 0.0829 1 1 1 1 1 
0.0743 -1.4706 0.0839 2 1 1 1 1 
0.0739 -1.4633 0.0852 3 1 1 1 1 
0.0731 -1.4536 0.0869 4 1 1 1 1 
0.0719 -1.4416 0.0887 5 1 1 1 1 
0.0705 -1.4273 0.0904 6 1 1 1 1 
0.0689 -1.4109 0.0921 7 1 1 1 1 
0.0673 -1.3925 0.0935 8 1 1 1 1 
0.0657 -1.3723 0.0944 9 1 1 1 1 
0.0644 -1.3503 0.0947 10 1 1 1 1 
0.0633 -1.3267 0.0943 11 1 1 1 1 
0.0627 -1.3015 0.0931 12 1 1 1 1 
0.0626 -1.2750 0.0908 13 1 1 1 1 
0.0631 -1.2472 0.0873 14 0 0 0 0 
0.0631 -1.2472 0.0873 15 0 0 0 0 

0.0731 -1.4824 0.0851 0 0 0 0 0 
0.0741 -1.4804 0.0855 1 1 1 1 1 
0.0743 -1.4757 0.0864 2 1 1 1 1 
0.0739 -1.4684 0.0877 3 1 1 1 1 
0.0731 -1.4587 0.0894 4 1 1 1 1 
0.0719 -1.4466 0.0912 5 1 1 1 1 
0.0705 -1.4323 0.0930 6 1 1 1 1 
0.0689 -1.4160 0.0946 7 1 1 1 1 
0.0673 -1.3976 0.0960 8 1 1 1 1 
0.0657 -1.3774 0.0969 9 1 1 1 1 
0.0644 -1.3554 0.0972 10 1 1 1 1 
0.0633 -1.3317 0.0969 11 1 1 1 1 
0.0627 -1.3066 0.0956 12 1 1 1 1 
0.0626 -1.2801 0.0933 13 1 1 1 1 
0.0631 -1.2522 0.0899 14 0 0 0 0 
0.0631 -1.2522 0.0899 15 0 0 0 0 

0.0731 -1.4815 0.0771 0 0 0 0 0 
0.0741 -1.4795 0.0774 1 1 1 1 1 
0.0743 -1.4748 0.0784 2 1 1 1 1 
0.0739 -1.4676 0.0797 3 1 1 1 1 
0.0731 -1.4578 0.0814 4 1 1 1 1 
0.0719 -1.4458 0.0832 5 1 1 1 1 
0.0705 -1.4315 0.0850 6 1 1 1 1 
0.0689 -1.4151 0.0866 7 1 1 1 1 
0.0673 -1.3967 0.0880 8 1 1 1 1 
0.0657 -1.3765 0.0889 9 1 1 1 1 
0.0644 -1.3545 0.0892 10 1 1 1 1 
0.0633 -1.3309 0.0888 11 1 1 1 1 
0.0627 -1.3058 0.0876 12 1 1 1 1 
0.0626 -1.2792 0.0853 13 1 1 1 1 
0.0631 -1.2514 0.0819 14 0 0 0 0 
0.0631 -1.2514 0.0819 15 0 0 0 0 

0.0267 -1.5385 -0.0080 0 0 0 0 0 
0.0371 -1.5341 -0.0080 1 1 1 1 1 
0.0464 -1.5286 -0.0079 2 1 1 1 1 
0.0547 -1.5219 -0.0078 3 1 1 1 1 
0.0619 -1.5141 -0.0076 4 1 1 1 1 
0.0682 -1.5050 -0.0074 5 1 1 1 1 
0.0735 -1.4947 -0.0072 6 1 1 1 1 
0.0778 -1.4830 -0.0071 7 1 1 1 1 
0.0811 -1.4699 -0.0069 8 1 1 1 1 
0.0834 -1.4553 -0.0069 9 1 1 1 1 
0.0847 -1.4392 -0.0068 10 1 1 1 1 
0.0849 -1.4216 -0.0069 11 1 1 1 1 
0.0843 -1.4023 -0.0070 12 1 1 1 1 
0.0826 -1.3814 -0.0072 13 1 1 1 1 
0.0799 -1.3587 -0.0075 14 0 0 0 0 
0.0799 -1.3587 -0.0075 15 0 0 0 0 

0.0267 -1.5381 0.0034 0 0 0 0 0 
0.0371 -1.5337 0.0034 1 1 1 1 1 
0.0464 -1.5281 0.0035 2 1 1 1 1 
0.0547 -1.5215 0.0036 3 1 1 1 1 
0.0619 -1.5137 0.0038 4 1 1 1 1 
0.0682 -1.5046 0.0040 5 1 1 1 1 
0.0735 -1.4942 0.0042 6 1 1 1 1 
0.0778 -1.4825 0.0043 7 1 1 1 1 
0.0811 -1.4694 0.0044 8 1 1 1 1 
0.0834 -1.4549 0.0045 9 1 1 1 1 
0.0847 -1.4388 0.0046 10 1 1 1 1 
0.0849 -1.4212 0.0045 11 1 1 1 1 
0.0843 -1.4019 0.0044 12 1 1 1 1 
0.0826 -1.3810 0.0042 13 1 1 1 1 
0.0799 -1.3583 0.0038 14 0 0 0 0 
0.0799 -1.3583 0.0038 15 0 0 0 0 

0.0267 -1.5385 0.0122 0 0 0 0 0 
0.0371 -1.5341 0.0123 1 1 1 1 1 
0.0464 -1.5286 0.0124 2 1 1 1 1 
0.0547 -1.5219 0.0125 3 1 1 1 1 
0.0619 -1.5141 0.0127 4 1 1 1 1 
0.0682 -1.5050 0.0128 5 1 1 1 1 
0.0735 -1.4947 0.0130 6 1 1 1 1 
0.0778 -1.4830 0.0132 7 1 1 1 1 
0.0811 -1.4699 0.0133 8 1 1 1 1 
0.0834 -1.4553 0.0134 9 1 1 1 1 
0.0847 -1.4392 0.0134 10 1 1 1 1 
0.0849 -1.4216 0.0134 11 1 1 1 1 
0.0843 -1.4023 0.0133 12 1 1 1 1 
0.0826 -1.3814 0.0130 13 1 1 1 1 
0.0799 -1.3587 0.0127 14 0 0 0 0 
0.0799 -1.3587 0.0127 15 0 0 0 0 

0.0267 -1.5385 0.0215 0 0 0 0 0 
0.0371 -1.5341 0.0216 1 1 1 1 1 
0.0464 -1.5286 0.0216 2 1 1 1 1 
0.0547 -1.5219 0.0218 3 1 1 1 1 
0.0619 -1.5141 0.0219 4 1 1 1 1 
0.0682 -1.5050 0.0221 5 1 1 1 1 
0.0735 -1.4947 0.0223 6 1 1 1 1 
0.0778 -1.4830 0.0225 7 1 1 1 1 
0.0811 -1.4699 0.0226 8 1 1 1 1 
0.0834 -1.4553 0.0227 9 1 1 1 1 
0.0847 -1.4392 0.0227 10 1 1 1 1 
0.0849 -1.4216 0.0227 11 1 1 1 1 
0.0843 -1.4023 0.0226 12 1 1 1 1 
0.0826 -1.3814 0.0223 13 1 1 1 1 
0.0799 -1.3587 0.0220 14 0 0 0 0 
0.0799 -1.3587 0.0220 15 0 0 0 0 

0.0267 -1.5342 0.0321 0 0 0 0 0 
0.0371 -1.5298 0.0321 1 1 1 1 1 
0.0464 -1.5245 0.0322 2 1 1 1 1 
0.0547 -1.5181 0.0323 3 1 1 1 1 
0.0619 -1.5107 0.0325 4 1 1 1 1 
0.0682 -1.5021 0.0327 5 1 1 1 1 
0.0735 -1.4923 0.0329 6 1 1 1 1 
0.0778 -1.4811 0.0330 7 1 1 1 1 
0.0811 -1.4686 0.0331 8 1 1 1 1 
0.0834 -1.4546 0.0332 9 1 1 1 1 
0.0847 -1.4390 0.0333 10 1 1 1 1 
0.0849 -1.4219 0.0332 11 1 1 1 1 
0.0843 -1.4030 0.0331 12 1 1 1 1 
0.0826 -1.3824 0.0329 13 1 1 1 1 
0.0799 -1.3599 0.0325 14 0 0 0 0 
0.0799 -1.3599 0.0325 15 0 0 0 0 

0.0267 -1.5331 0.0473 0 0 0 0 0 
0.0371 -1.5288 0.0473 1 1 1 1 1 
0.0464 -1.5235 0.0474 2 1 1 1 1 
0.0547 -1.5173 0.0475 3 1 1 1 1 
0.0619 -1.5101 0.0477 4 1 1 1 1 
0.0682 -1.5017 0.0479 5 1 1 1 1 
0.0735 -1.4921 0.0480 6 1 1 1 1 
0.0778 -1.4811 0.0482 7 1 1 1 1 
0.0811 -1.4688 0.0483 8 1 1 1 1 
0.0834 -1.4550 0.0484 9 1 1 1 1 
0.0847 -1.4397 0.0485 10 1 1 1 1 
0.0849 -1.4227 0.0484 11 1 1 1 1 
0.0843 -1.4040 0.0483 12 1 1 1 1 
0.0826 -1.3835 0.0481 13 1 1 1 1 
0.0799 -1.3611 0.0477 14 0 0 0 0 
0.0799 -1.3611 0.0477 15 0 0 0 0 

0.0267 -1.5311 0.0578 0 0 0 0 0 
0.0371 -1.5268 0.0579 1 1 1 1 1 
0.0464 -1.5216 0.0579 2 1 1 1 1 
0.0547 -1.5155 0.0581 3 1 1 1 1 
0.0619 -1.5084 0.0582 4 1 1 1 1 
0.0682 -1.5002 0.0584 5 1 1 1 1 
0.0735 -1.4908 0.0586 6 1 1 1 1 
0.0778 -1.4800 0.0588 7 1 1 1 1 
0.0811 -1.4679 0.0589 8 1 1 1 1 
0.0834 -1.4543 0.0590 9 1 1 1 1 
0.0847 -1.4392 0.0590 10 1 1 1 1 
0.0849 -1.4224 0.0590 11 1 1 1 1 
0.0843 -1.4038 0.0589 12 1 1 1 1 
0.0826 -1.3834 0.0586 13 1 1 1 1 
0.0799 -1.3611 0.0583 14 0 0 0 0 
0.0799 -1.3611 0.0583 15 0 0 0 0 

0.0267 -1.5411 -0.0177 0 0 0 0 0 
0.0371 -1.5366 -0.0177 1 1 1 1 1 
0.0464 -1.5311 -0.0176 2 1 1 1 1 
0.0547 -1.5244 -0.0175 3 1 1 1 1 
0.0619 -1.5166 -0.0173 4 1 1 1 1 
0.0682 -1.5076 -0.0171 5 1 1 1 1 
0.0735 -1.4972 -0.0170 6 1 1 1 1 
0.0778 -1.4855 -0.0168 7 1 1 1 1 
0.0811 -1.4724 -0.0167 8 1 1 1 1 
0.0834 -1.4578 -0.0166 9 1 1 1 1 
0.0847 -1.4418 -0.0165 10 1 1 1 1 
0.0849 -1.4241 -0.0166 11 1 1 1 1 
0.0843 -1.4049 -0.0167 12 1 1 1 1 
0.0826 -1.3839 -0.0169 13 1 1 1 1 
0.0799 -1.3612 -0.0173 14 0 0 0 0 
0.0799 -1.3612 -0.0173 15 0 0 0 0 

-0.0225 -1.5371 0.0473 0 0 0 0 0 
-0.0217 -1.5323 0.0599 1 1 1 1 1 
-0.0213 -1.5281 0.0707 2 1 1 1 1 
-0.0212 -1.5242 0.0798 3 1 1 1 1 
-0.0212 -1.5206 0.0873 4 1 1 1 1 
-0.0211 -1.5170 0.0936 5 1 1 1 1 
-0.0210 -1.5132 0.0987 6 1 1 1 1 
-0.0207 -1.5091 0.1029 7 1 1 1 1 
-0.0200 -1.5045 0.1063 8 1 1 1 1 
-0.0190 -1.4992 0.1092 9 1 1 1 1 
-0.0174 -1.4931 0.1116 10 1 1 1 1 
-0.0152 -1.4859 0.1139 11 1 1 1 1 
-0.0122 -1.4775 0.1161 12 1 1 1 1 
-0.0084 -1.4676 0.1185 13 1 1 1 1 
-0.0036 -1.4562 0.1212 14 0 0 0 0 
-0.0036 -1.4562 0.1212 15 0 0 0 0 

-0.0182 -1.5378 0.0473 0 0 0 0 0 
-0.0175 -1.5330 0.0599 1 1 1 1 1 
-0.0171 -1.5288 0.0707 2 1 1 1 1 
-0.0170 -1.5249 0.0798 3 1 1 1 1 
-0.0169 -1.5213 0.0873 4 1 1 1 1 
-0.0169 -1.5177 0.0936 5 1 1 1 1 
-0.0168 -1.5139 0.0987 6 1 1 1 1 
-0.0165 -1.5098 0.1029 7 1 1 1 1 
-0.0158 -1.5052 0.1063 8 1 1 1 1 
-0.0148 -1.4999 0.1092 9 1 1 1 1 
-0.0132 -1.4938 0.1116 10 1 1 1 1 
-0.0110 -1.4866 0.1139 11 1 1 1 1 
-0.0080 -1.4782 0.1161 12 1 1 1 1 
-0.0042 -1.4683 0.1185 13 1 1 1 1 
0.0006 -1.4569 0.1212 14 0 0 0 0 
0.0006 -1.4569 0.1212 15 0 0 0 0 

-0.0158 -1.5378 0.0473 0 0 0 0 0 
-0.0151 -1.5330 0.0599 1 1 1 1 1 
-0.0147 -1.5288 0.0707 2 1 1 1 1 
-0.0145 -1.5249 0.0798 3 1 1 1 1 
-0.0145 -1.5213 0.0873 4 1 1 1 1 
-0.0144 -1.5177 0.0936 5 1 1 1 1 
-0.0143 -1.5139 0.0987 6 1 1 1 1 
-0.0140 -1.5098 0.1029 7 1 1 1 1 
-0.0134 -1.5052 0.1063 8 1 1 1 1 
-0.0123 -1.4999 0.1092 9 1 1 1 1 
-0.0107 -1.4938 0.1116 10 1 1 1 1 
-0.0085 -1.4866 0.1139 11 1 1 1 1 
-0.0055 -1.4782 0.1161 12 1 1 1 1 
-0.0017 -1.4683 0.1185 13 1 1 1 1 
0.0031 -1.4569 0.1212 14 0 0 0 0 
0.0031 -1.4569 0.1212 15 0 0 0 0 

-0.0084 -1.5367 0.0473 0 0 0 0 0 
-0.0077 -1.5319 0.0599 1 1 1 1 1 
-0.0073 -1.5277 0.0707 2 1 1 1 1 
-0.0071 -1.5239 0.0798 3 1 1 1 1 
-0.0071 -1.5202 0.0873 4 1 1 1 1 
-0.0071 -1.5166 0.0936 5 1 1 1 1 
-0.0069 -1.5128 0.0987 6 1 1 1 1 
-0.0066 -1.5087 0.1029 7 1 1 1 1 
-0.0060 -1.5042 0.1063 8 1 1 1 1 
-0.0049 -1.4989 0.1092 9 1 1 1 1 
-0.0033 -1.4927 0.1116 10 1 1 1 1 
-0.0011 -1.4855 0.1139 11 1 1 1 1 
0.0019 -1.4771 0.1161 12 1 1 1 1 
0.0057 -1.4673 0.1185 13 1 1 1 1 
0.0105 -1.4559 0.1212 14 0 0 0 0 
0.0105 -1.4559 0.1212 15 0 0 0 0 

-0.0101 -1.5367 0.0473 0 0 0 0 0 
-0.0094 -1.5319 0.0599 1 1 1 1 1 
-0.0090 -1.5277 0.0707 2 1 1 1 1 
-0.0089 -1.5239 0.0798 3 1 1 1 1 
-0.0088 -1.5202 0.0873 4 1 1 1 1 
-0.0088 -1.5166 0.0936 5 1 1 1 1 
-0.0087 -1.5128 0.0987 6 1 1 1 1 
-0.0084 -1.5087 0.1029 7 1 1 1 1 
-0.0077 -1.5042 0.1063 8 1 1 1 1 
-0.0067 -1.4989 0.1092 9 1 1 1 1 
-0.0051 -1.4927 0.1116 10 1 1 1 1 
-0.0029 -1.4855 0.1139 11 1 1 1 1 
0.0001 -1.4771 0.1161 12 1 1 1 1 
0.0039 -1.4673 0.1185 13 1 1 1 1 
0.0087 -1.4559 0.1212 14 0 0 0 0 
0.0087 -1.4559 0.1212 15 0 0 0 0 

-0.0059 -1.5360 0.0473 0 0 0 0 0 
-0.0049 -1.5313 0.0599 1 1 1 1 1 
-0.0038 -1.5273 0.0706 2 1 1 1 1 
-0.0025 -1.5237 0.0796 3 1 1 1 1 
-0.0011 -1.5204 0.0871 4 1 1 1 1 
0.0004 -1.5172 0.0932 5 1 1 1 1 
0.0020 -1.5138 0.0982 6 1 1 1 1 
0.0036 -1.5101 0.1023 7 1 1 1 1 
0.0054 -1.5058 0.1057 8 1 1 1 1 
0.0072 -1.5007 0.1084 9 1 1 1 1 
0.0090 -1.4946 0.1109 10 1 1 1 1 
0.0109 -1.4874 0.1131 11 1 1 1 1 
0.0129 -1.4787 0.1154 12 1 1 1 1 
0.0148 -1.4684 0.1179 13 1 1 1 1 
0.0168 -1.4562 0.1209 14 0 0 0 0 
0.0168 -1.4562 0.1209 15 0 0 0 0 

-0.0024 -1.5353 0.0473 0 0 0 0 0 
-0.0014 -1.5306 0.0599 1 1 1 1 1 
-0.0003 -1.5266 0.0706 2 1 1 1 1 
0.0010 -1.5230 0.0796 3 1 1 1 1 
0.0024 -1.5197 0.0871 4 1 1 1 1 
0.0039 -1.5165 0.0932 5 1 1 1 1 
0.0055 -1.5131 0.0982 6 1 1 1 1 
0.0071 -1.5094 0.1023 7 1 1 1 1 
0.0089 -1.5051 0.1057 8 1 1 1 1 
0.0107 -1.5000 0.1084 9 1 1 1 1 
0.0126 -1.4939 0.1109 10 1 1 1 1 
0.0145 -1.4867 0.1131 11 1 1 1 1 
0.0164 -1.4780 0.1154 12 1 1 1 1 
0.0184 -1.4677 0.1179 13 1 1 1 1 
0.0203 -1.4555 0.1209 14 0 0 0 0 
0.0203 -1.4555 0.1209 15 0 0 0 0 

0.0015 -1.5353 0.0473 0 0 0 0 0 
0.0025 -1.5306 0.0599 1 1 1 1 1 
0.0036 -1.5266 0.0706 2 1 1 1 1 
0.0049 -1.5230 0.0796 3 1 1 1 1 
0.0063 -1.5197 0.0871 4 1 1 1 1 
0.0077 -1.5165 0.0932 5 1 1 1 1 
0.0093 -1.5131 0.0982 6 1 1 1 1 
0.0110 -1.5094 0.1023 7 1 1 1 1 
0.0128 -1.5051 0.1057 8 1 1 1 1 
0.0146 -1.5000 0.1084 9 1 1 1 1 
0.0164 -1.4939 0.1109 10 1 1 1 1 
0.0183 -1.4867 0.1131 11 1 1 1 1 
0.0203 -1.4780 0.1154 12 1 1 1 1 
0.0222 -1.4677 0.1179 13 1 1 1 1 
0.0242 -1.4555 0.1209 14 0 0 0 0 
0.0242 -1.4555 0.1209 15 0 0 0 0 

0.0053 -1.5336 0.0473 0 0 0 0 0 
0.0063 -1.5288 0.0599 1 1 1 1 1 
0.0075 -1.5248 0.0706 2 1 1 1 1 
0.0087 -1.5213 0.0796 3 1 1 1 1 
0.0101 -1.5180 0.0871 4 1 1 1 1 
0.0116 -1.5148 0.0932 5 1 1 1 1 
0.0132 -1.5114 0.0982 6 1 1 1 1 
0.0149 -1.5077 0.1023 7 1 1 1 1 
0.0166 -1.5033 0.1057 8 1 1 1 1 
0.0184 -1.4983 0.1084 9 1 1 1 1 
0.0203 -1.4922 0.1109 10 1 1 1 1 
0.0222 -1.4849 0.1131 11 1 1 1 1 
0.0241 -1.4762 0.1154 12 1 1 1 1 
0.0261 -1.4659 0.1179 13 1 1 1 1 
0.0281 -1.4537 0.1209 14 0 0 0 0 
0.0281 -1.4537 0.1209 15 0 0 0 0 

0.0081 -1.5353 0.0473 0 0 0 0 0 
0.0091 -1.5306 0.0599 1 1 1 1 1 
0.0103 -1.5266 0.0706 2 1 1 1 1 
0.0116 -1.5230 0.0796 3 1 1 1 1 
0.0129 -1.5197 0.0871 4 1 1 1 1 
0.0144 -1.5165 0.0932 5 1 1 1 1 
0.0160 -1.5131 0.0982 6 1 1 1 1 
0.0177 -1.5094 0.1023 7 1 1 1 1 
0.0194 -1.5051 0.1057 8 1 1 1 1 
0.0213 -1.5000 0.1084 9 1 1 1 1 
0.0231 -1.4939 0.1109 10 1 1 1 1 
0.0250 -1.4867 0.1131 11 1 1 1 1 
0.0270 -1.4780 0.1154 12 1 1 1 1 
0.0289 -1.4677 0.1179 13 1 1 1 1 
0.0309 -1.4555 0.1209 14 0 0 0 0 
0.0309 -1.4555 0.1209 15 0 0 0 0 

0.0120 -1.5353 0.0473 0 0 0 0 0 
0.0130 -1.5306 0.0599 1 1 1 1 1 
0.0142 -1.5266 0.0706 2 1 1 1 1 
0.0154 -1.5230 0.0796 3 1 1 1 1 
0.0168 -1.5197 0.0871 4 1 1 1 1 
0.0183 -1.5165 0.0932 5 1 1 1 1 
0.0199 -1.5131 0.0982 6 1 1 1 1 
0.0216 -1.5094 0.1023 7 1 1 1 1 
0.0233 -1.5051 0.1057 8 1 1 1 1 
0.0251 -1.5000 0.1084 9 1 1 1 1 
0.0270 -1.4939 0.1109 10 1 1 1 1 
0.0289 -1.4867 0.1131 11 1 1 1 1 
0.0308 -1.4780 0.1154 12 1 1 1 1 
0.0328 -1.4677 0.1179 13 1 1 1 1 
0.0347 -1.4555 0.1209 14 0 0 0 0 
0.0347 -1.4555 0.1209 15 0 0 0 0 

0.0176 -1.5353 0.0473 0 0 0 0 0 
0.0186 -1.5306 0.0599 1 1 1 1 1 
0.0198 -1.5266 0.0706 2 1 1 1 1 
0.0210 -1.5230 0.0796 3 1 1 1 1 
0.0224 -1.5197 0.0871 4 1 1 1 1 
0.0239 -1.5165 0.0932 5 1 1 1 1 
0.0255 -1.5131 0.0982 6 1 1 1 1 
0.0272 -1.5094 0.1023 7 1 1 1 1 
0.0289 -1.5051 0.1057 8 1 1 1 1 
0.0307 -1.5000 0.1084 9 1 1 1 1 
0.0326 -1.4939 0.1109 10 1 1 1 1 
0.0345 -1.4867 0.1131 11 1 1 1 1 
0.0365 -1.4780 0.1154 12 1 1 1 1 
0.0384 -1.4677 0.1179 13 1 1 1 1 
0.0404 -1.4555 0.1209 14 0 0 0 0 
0.0404 -1.4555 0.1209 15 0 0 0 0 

0.0141 -1.5357 0.0473 0 0 0 0 0 
0.0151 -1.5310 0.0599 1 1 1 1 1 
0.0163 -1.5269 0.0706 2 1 1 1 1 
0.0175 -1.5234 0.0796 3 1 1 1 1 
0.0189 -1.5201 0.0871 4 1 1 1 1 
0.0204 -1.5169 0.0932 5 1 1 1 1 
0.0220 -1.5135 0.0982 6 1 1 1 1 
0.0237 -1.5098 0.1023 7 1 1 1 1 
0.0254 -1.5055 0.1057 8 1 1 1 1 
0.0272 -1.5004 0.1084 9 1 1 1 1 
0.0291 -1.4943 0.1109 10 1 1 1 1 
0.0310 -1.4870 0.1131 11 1 1 1 1 
0.0329 -1.4783 0.1154 12 1 1 1 1 
0.0349 -1.4680 0.1179 13 1 1 1 1 
0.0369 -1.4559 0.1209 14 0 0 0 0 
0.0369 -1.4559 0.1209 15 0 0 0 0 

0.0254 -1.5360 0.0473 0 0 0 0 0 
0.0264 -1.5313 0.0599 1 1 1 1 1 
0.0275 -1.5273 0.0706 2 1 1 1 1 
0.0288 -1.5237 0.0796 3 1 1 1 1 
0.0302 -1.5204 0.0871 4 1 1 1 1 
0.0317 -1.5172 0.0932 5 1 1 1 1 
0.0333 -1.5138 0.0982 6 1 1 1 1 
0.0349 -1.5101 0.1023 7 1 1 1 1 
0.0367 -1.5058 0.1057 8 1 1 1 1 
0.0385 -1.5007 0.1084 9 1 1 1 1 
0.0403 -1.4946 0.1109 10 1 1 1 1 
0.0423 -1.4874 0.1131 11 1 1 1 1 
0.0442 -1.4787 0.1154 12 1 1 1 1 
0.0461 -1.4684 0.1179 13 1 1 1 1 
0.0481 -1.4562 0.1209 14 0 0 0 0 
0.0481 -1.4562 0.1209 15 0 0 0 0 

0.0282 -1.5353 0.0473 0 0 0 0 0 
0.0292 -1.5306 0.0599 1 1 1 1 1 
0.0303 -1.5266 0.0706 2 1 1 1 1 
0.0316 -1.5230 0.0796 3 1 1 1 1 
0.0330 -1.5197 0.0871 4 1 1 1 1 
0.0345 -1.5165 0.0932 5 1 1 1 1 
0.0361 -1.5131 0.0982 6 1 1 1 1 
0.0377 -1.5094 0.1023 7 1 1 1 1 
0.0395 -1.5051 0.1057 8 1 1 1 1 
0.0413 -1.5000 0.1084 9 1 1 1 1 
0.0432 -1.4939 0.1109 10 1 1 1 1 
0.0451 -1.4867 0.1131 11 1 1 1 1 
0.0470 -1.4780 0.1154 12 1 1 1 1 
0.0490 -1.4677 0.1179 13 1 1 1 1 
0.0509 -1.4555 0.1209 14 0 0 0 0 
0.0509 -1.4555 0.1209 15 0 0 0 0 

0.0299 -1.5350 0.0473 0 0 0 0 0 
0.0310 -1.5303 0.0599 1 1 1 1 1 
0.0321 -1.5262 0.0706 2 1 1 1 1 
0.0334 -1.5227 0.0796 3 1 1 1 1 
0.0347 -1.5194 0.0871 4 1 1 1 1 
0.0362 -1.5162 0.0932 5 1 1 1 1 
0.0378 -1.5128 0.0982 6 1 1 1 1 
0.0395 -1.5091 0.1023 7 1 1 1 1 
0.0412 -1.5048 0.1057 8 1 1 1 1 
0.0431 -1.4997 0.1084 9 1 1 1 1 
0.0449 -1.4936 0.1109 10 1 1 1 1 
0.0468 -1.4863 0.1131 11 1 1 1 1 
0.0488 -1.4776 0.1154 12 1 1 1 1 
0.0507 -1.4673 0.1179 13 1 1 1 1 
0.0527 -1.4552 0.1209 14 0 0 0 0 
0.0527 -1.4552 0.1209 15 0 0 0 0 

0.0299 -1.5350 0.0473 0 0 0 0 0 
0.0310 -1.5303 0.0599 1 1 1 1 1 
0.0321 -1.5262 0.0706 2 1 1 1 1 
0.0334 -1.5227 0.0796 3 1 1 1 1 
0.0347 -1.5194 0.0871 4 1 1 1 1 
0.0362 -1.5162 0.0932 5 1 1 1 1 
0.0378 -1.5128 0.0982 6 1 1 1 1 
0.0395 -1.5091 0.1023 7 1 1 1 1 
0.0412 -1.5048 0.1057 8 1 1 1 1 
0.0431 -1.4997 0.1084 9 1 1 1 1 
0.0449 -1.4936 0.1109 10 1 1 1 1 
0.0468 -1.4863 0.1131 11 1 1 1 1 
0.0488 -1.4776 0.1154 12 1 1 1 1 
0.0507 -1.4673 0.1179 13 1 1 1 1 
0.0527 -1.4552 0.1209 14 0 0 0 0 
0.0527 -1.4552 0.1209 15 0 0 0 0 

0.0324 -1.5357 0.0473 0 0 0 0 0 
0.0334 -1.5310 0.0599 1 1 1 1 1 
0.0346 -1.5269 0.0706 2 1 1 1 1 
0.0358 -1.5234 0.0796 3 1 1 1 1 
0.0372 -1.5201 0.0871 4 1 1 1 1 
0.0387 -1.5169 0.0932 5 1 1 1 1 
0.0403 -1.5135 0.0982 6 1 1 1 1 
0.0420 -1.5098 0.1023 7 1 1 1 1 
0.0437 -1.5055 0.1057 8 1 1 1 1 
0.0455 -1.5004 0.1084 9 1 1 1 1 
0.0474 -1.4943 0.1109 10 1 1 1 1 
0.0493 -1.4870 0.1131 11 1 1 1 1 
0.0512 -1.4783 0.1154 12 1 1 1 1 
0.0532 -1.4680 0.1179 13 1 1 1 1 
0.0551 -1.4559 0.1209 14 0 0 0 0 
0.0551 -1.4559 0.1209 15 0 0 0 0 

0.0377 -1.5350 0.0473 0 0 0 0 0 
0.0387 -1.5303 0.0599 1 1 1 1 1 
0.0398 -1.5262 0.0706 2 1 1 1 1 
0.0411 -1.5227 0.0796 3 1 1 1 1 
0.0425 -1.5194 0.0871 4 1 1 1 1 
0.0440 -1.5162 0.0932 5 1 1 1 1 
0.0456 -1.5128 0.0982 6 1 1 1 1 
0.0472 -1.5091 0.1023 7 1 1 1 1 
0.0490 -1.5048 0.1057 8 1 1 1 1 
0.0508 -1.4997 0.1084 9 1 1 1 1 
0.0527 -1.4936 0.1109 10 1 1 1 1 
0.0546 -1.4863 0.1131 11 1 1 1 1 
0.0565 -1.4776 0.1154 12 1 1 1 1 
0.0585 -1.4673 0.1179 13 1 1 1 1 
0.0604 -1.4552 0.1209 14 0 0 0 0 
0.0604 -1.4552 0.1209 15 0 0 0 0 

0.0474 -1.5356 0.0473 0 0 0 0 0 
0.0484 -1.5309 0.0599 1 1 1 1 1 
0.0496 -1.5268 0.0706 2 1 1 1 1 
0.0508 -1.5233 0.0796 3 1 1 1 1 
0.0522 -1.5200 0.0871 4 1 1 1 1 
0.0537 -1.5168 0.0932 5 1 1 1 1 
0.0553 -1.5134 0.0982 6 1 1 1 1 
0.0570 -1.5097 0.1023 7 1 1 1 1 
0.0587 -1.5054 0.1057 8 1 1 1 1 
0.0605 -1.5003 0.1084 9 1 1 1 1 
0.0624 -1.4942 0.1109 10 1 1 1 1 
0.0643 -1.4869 0.1131 11 1 1 1 1 
0.0662 -1.4782 0.1154 12 1 1 1 1 
0.0682 -1.4679 0.1179 13 1 1 1 1 
0.0701 -1.4558 0.1209 14 0 0 0 0 
0.0701 -1.4558 0.1209 15 0 0 0 0 

0.0506 -1.5352 0.0473 0 0 0 0 0 
0.0516 -1.5305 0.0599 1 1 1 1 1 
0.0528 -1.5265 0.0706 2 1 1 1 1 
0.0540 -1.5229 0.0796 3 1 1 1 1 
0.0554 -1.5197 0.0871 4 1 1 1 1 
0.0569 -1.5164 0.0932 5 1 1 1 1 
0.0585 -1.5131 0.0982 6 1 1 1 1 
0.0602 -1.5093 0.1023 7 1 1 1 1 
0.0619 -1.5050 0.1057 8 1 1 1 1 
0.0637 -1.4999 0.1084 9 1 1 1 1 
0.0656 -1.4939 0.1109 10 1 1 1 1 
0.0675 -1.4866 0.1131 11 1 1 1 1 
0.0694 -1.4779 0.1154 12 1 1 1 1 
0.0714 -1.4676 0.1179 13 1 1 1 1 
0.0734 -1.4554 0.1209 14 0 0 0 0 
0.0734 -1.4554 0.1209 15 0 0 0 0 

0.0437 -1.5356 0.0473 0 0 0 0 0 
0.0447 -1.5309 0.0599 1 1 1 1 1 
0.0458 -1.5268 0.0706 2 1 1 1 1 
0.0471 -1.5233 0.0796 3 1 1 1 1 
0.0485 -1.5200 0.0871 4 1 1 1 1 
0.0500 -1.5168 0.0932 5 1 1 1 1 
0.0516 -1.5134 0.0982 6 1 1 1 1 
0.0532 -1.5097 0.1023 7 1 1 1 1 
0.0550 -1.5054 0.1057 8 1 1 1 1 
0.0568 -1.5003 0.1084 9 1 1 1 1 
0.0587 -1.4942 0.1109 10 1 1 1 1 
0.0606 -1.4869 0.1131 11 1 1 1 1 
0.0625 -1.4782 0.1154 12 1 1 1 1 
0.0644 -1.4679 0.1179 13 1 1 1 1 
0.0664 -1.4558 0.1209 14 0 0 0 0 
0.0664 -1.4558 0.1209 15 0 0 0 0 

0.0539 -1.5358 0.0473 0 0 0 0 0 
0.0549 -1.5310 0.0599 1 1 1 1 1 
0.0560 -1.5270 0.0706 2 1 1 1 1 
0.0573 -1.5234 0.0796 3 1 1 1 1 
0.0587 -1.5202 0.0871 4 1 1 1 1 
0.0601 -1.5169 0.0932 5 1 1 1 1 
0.0617 -1.5136 0.0982 6 1 1 1 1 
0.0634 -1.5098 0.1023 7 1 1 1 1 
0.0652 -1.5055 0.1057 8 1 1 1 1 
0.0670 -1.5004 0.1084 9 1 1 1 1 
0.0688 -1.4944 0.1109 10 1 1 1 1 
0.0707 -1.4871 0.1131 11 1 1 1 1 
0.0727 -1.4784 0.1154 12 1 1 1 1 
0.0746 -1.4681 0.1179 13 1 1 1 1 
0.0766 -1.4559 0.1209 14 0 0 0 0 
0.0766 -1.4559 0.1209 15 0 0 0 0 

0.0498 -1.5356 0.0473 0 0 0 0 0 
0.0508 -1.5309 0.0599 1 1 1 1 1 
0.0519 -1.5268 0.0706 2 1 1 1 1 
0.0532 -1.5233 0.0796 3 1 1 1 1 
0.0546 -1.5200 0.0871 4 1 1 1 1 
0.0561 -1.5168 0.0932 5 1 1 1 1 
0.0577 -1.5134 0.0982 6 1 1 1 1 
0.0593 -1.5097 0.1023 7 1 1 1 1 
0.0611 -1.5054 0.1057 8 1 1 1 1 
0.0629 -1.5003 0.1084 9 1 1 1 1 
0.0648 -1.4942 0.1109 10 1 1 1 1 
0.0667 -1.4869 0.1131 11 1 1 1 1 
0.0686 -1.4782 0.1154 12 1 1 1 1 
0.0706 -1.4679 0.1179 13 1 1 1 1 
0.0725 -1.4558 0.1209 14 0 0 0 0 
0.0725 -1.4558 0.1209 15 0 0 0 0 

0.0410 -1.5358 0.0473 0 0 0 0 0 
0.0420 -1.5310 0.0599 1 1 1 1 1 
0.0431 -1.5270 0.0706 2 1 1 1 1 
0.0444 -1.5234 0.0796 3 1 1 1 1 
0.0458 -1.5202 0.0871 4 1 1 1 1 
0.0473 -1.5169 0.0932 5 1 1 1 1 
0.0488 -1.5136 0.0982 6 1 1 1 1 
0.0505 -1.5098 0.1023 7 1 1 1 1 
0.0523 -1.5055 0.1057 8 1 1 1 1 
0.0541 -1.5004 0.1084 9 1 1 1 1 
0.0559 -1.4944 0.1109 10 1 1 1 1 
0.0578 -1.4871 0.1131 11 1 1 1 1 
0.0598 -1.4784 0.1154 12 1 1 1 1 
0.0617 -1.4681 0.1179 13 1 1 1 1 
0.0637 -1.4559 0.1209 14 0 0 0 0 
0.0637 -1.4559 0.1209 15 0 0 0 0 

-0.0131 -1.5418 0.0135 0 0 0 0 0 
-0.0227 -1.5400 0.0138 1 1 1 1 1 
-0.0316 -1.5376 0.0148 2 1 1 1 1 
-0.0398 -1.5344 0.0161 3 1 1 1 1 
-0.0474 -1.5301 0.0177 4 1 1 1 1 
-0.0542 -1.5246 0.0195 5 1 1 1 1 
-0.0603 -1.5177 0.0213 6 1 1 1 1 
-0.0657 -1.5092 0.0229 7 1 1 1 1 
-0.0702 -1.4990 0.0242 8 1 1 1 1 
-0.0740 -1.4869 0.0252 9 1 1 1 1 
-0.0769 -1.4726 0.0255 10 1 1 1 1 
-0.0790 -1.4560 0.0251 11 1 1 1 1 
-0.0803 -1.4369 0.0239 12 1 1 1 1 
-0.0806 -1.4152 0.0216 13 1 1 1 1 
-0.0801 -1.3906 0.0182 14 0 0 0 0 
-0.0801 -1.3906 0.0182 15 0 0 0 0 

-0.0269 -1.5285 0.0439 0 0 0 0 0 
-0.0363 -1.5267 0.0442 1 1 1 1 1 
-0.0447 -1.5239 0.0451 2 1 1 1 1 
-0.0522 -1.5202 0.0465 3 1 1 1 1 
-0.0587 -1.5153 0.0481 4 1 1 1 1 
-0.0644 -1.5091 0.0499 5 1 1 1 1 
-0.0692 -1.5014 0.0517 6 1 1 1 1 
-0.0732 -1.4921 0.0533 7 1 1 1 1 
-0.0764 -1.4811 0.0546 8 1 1 1 1 
-0.0788 -1.4681 0.0555 9 1 1 1 1 
-0.0805 -1.4530 0.0559 10 1 1 1 1 
-0.0814 -1.4357 0.0555 11 1 1 1 1 
-0.0817 -1.4160 0.0543 12 1 1 1 1 
-0.0813 -1.3938 0.0520 13 1 1 1 1 
-0.0803 -1.3689 0.0486 14 0 0 0 0 
-0.0803 -1.3689 0.0486 15 0 0 0 0 

-0.0269 -1.5285 0.0499 0 0 0 0 0 
-0.0363 -1.5267 0.0502 1 1 1 1 1 
-0.0447 -1.5239 0.0511 2 1 1 1 1 
-0.0522 -1.5202 0.0525 3 1 1 1 1 
-0.0587 -1.5153 0.0541 4 1 1 1 1 
-0.0644 -1.5091 0.0559 5 1 1 1 1 
-0.0692 -1.5014 0.0576 6 1 1 1 1 
-0.0732 -1.4921 0.0593 7 1 1 1 1 
-0.0764 -1.4811 0.0606 8 1 1 1 1 
-0.0788 -1.4681 0.0615 9 1 1 1 1 
-0.0805 -1.4530 0.0619 10 1 1 1 1 
-0.0814 -1.4357 0.0615 11 1 1 1 1 
-0.0817 -1.4160 0.0602 12 1 1 1 1 
-0.0813 -1.3938 0.0580 13 1 1 1 1 
-0.0803 -1.3689 0.0546 14 0 0 0 0 
-0.0803 -1.3689 0.0546 15 0 0 0 0 

-0.0269 -1.5292 0.0537 0 0 0 0 0 
-0.0363 -1.5274 0.0541 1 1 1 1 1 
-0.0447 -1.5246 0.0550 2 1 1 1 1 
-0.0522 -1.5209 0.0563 3 1 1 1 1 
-0.0587 -1.5160 0.0580 4 1 1 1 1 
-0.0644 -1.5098 0.0597 5 1 1 1 1 
-0.0692 -1.5021 0.0615 6 1 1 1 1 
-0.0732 -1.4928 0.0631 7 1 1 1 1 
-0.0764 -1.4818 0.0645 8 1 1 1 1 
-0.0788 -1.4688 0.0654 9 1 1 1 1 
-0.0805 -1.4537 0.0657 10 1 1 1 1 
-0.0814 -1.4364 0.0653 11 1 1 1 1 
-0.0817 -1.4167 0.0641 12 1 1 1 1 
-0.0813 -1.3945 0.0618 13 1 1 1 1 
-0.0803 -1.3696 0.0584 14 0 0 0 0 
-0.0803 -1.3696 0.0584 15 0 0 0 0 

-0.0443 -1.5166 0.0826 0 0 0 0 0 
-0.0435 -1.5153 0.0829 1 1 1 1 1 
-0.0438 -1.5125 0.0839 2 1 1 1 1 
-0.0449 -1.5082 0.0852 3 1 1 1 1 
-0.0467 -1.5024 0.0869 4 1 1 1 1 
-0.0491 -1.4949 0.0887 5 1 1 1 1 
-0.0518 -1.4856 0.0904 6 1 1 1 1 
-0.0548 -1.4745 0.0921 7 1 1 1 1 
-0.0578 -1.4616 0.0935 8 1 1 1 1 
-0.0607 -1.4466 0.0944 9 1 1 1 1 
-0.0633 -1.4297 0.0947 10 1 1 1 1 
-0.0655 -1.4106 0.0943 11 1 1 1 1 
-0.0671 -1.3893 0.0931 12 1 1 1 1 
-0.0680 -1.3658 0.0908 13 1 1 1 1 
-0.0680 -1.3399 0.0873 14 0 0 0 0 
-0.0680 -1.3399 0.0873 15 0 0 0 0 

-0.0457 -1.5183 0.0826 0 0 0 0 0 
-0.0449 -1.5170 0.0829 1 1 1 1 1 
-0.0452 -1.5143 0.0839 2 1 1 1 1 
-0.0463 -1.5100 0.0852 3 1 1 1 1 
-0.0482 -1.5041 0.0869 4 1 1 1 1 
-0.0505 -1.4966 0.0887 5 1 1 1 1 
-0.0532 -1.4874 0.0904 6 1 1 1 1 
-0.0562 -1.4763 0.0921 7 1 1 1 1 
-0.0592 -1.4633 0.0935 8 1 1 1 1 
-0.0621 -1.4484 0.0944 9 1 1 1 1 
-0.0647 -1.4314 0.0947 10 1 1 1 1 
-0.0669 -1.4123 0.0943 11 1 1 1 1 
-0.0685 -1.3911 0.0931 12 1 1 1 1 
-0.0694 -1.3675 0.0908 13 1 1 1 1 
-0.0694 -1.3417 0.0873 14 0 0 0 0 
-0.0694 -1.3417 0.0873 15 0 0 0 0 

-0.0478 -1.5180 0.0826 0 0 0 0 0 
-0.0471 -1.5167 0.0829 1 1 1 1 1 
-0.0473 -1.5139 0.0839 2 1 1 1 1 
-0.0484 -1.5096 0.0852 3 1 1 1 1 
-0.0503 -1.5038 0.0869 4 1 1 1 1 
-0.0526 -1.4963 0.0887 5 1 1 1 1 
-0.0553 -1.4870 0.0904 6 1 1 1 1 
-0.0583 -1.4759 0.0921 7 1 1 1 1 
-0.0613 -1.4630 0.0935 8 1 1 1 1 
-0.0642 -1.4480 0.0944 9 1 1 1 1 
-0.0668 -1.4311 0.0947 10 1 1 1 1 
-0.0690 -1.4120 0.0943 11 1 1 1 1 
-0.0706 -1.3907 0.0931 12 1 1 1 1 
-0.0715 -1.3672 0.0908 13 1 1 1 1 
-0.0715 -1.3413 0.0873 14 0 0 0 0 
-0.0715 -1.3413 0.0873 15 0 0 0 0 

-0.0429 -1.5183 0.0826 0 0 0 0 0 
-0.0421 -1.5170 0.0829 1 1 1 1 1 
-0.0424 -1.5143 0.0839 2 1 1 1 1 
-0.0435 -1.5100 0.0852 3 1 1 1 1 
-0.0453 -1.5041 0.0869 4 1 1 1 1 
-0.0477 -1.4966 0.0887 5 1 1 1 1 
-0.0504 -1.4874 0.0904 6 1 1 1 1 
-0.0534 -1.4763 0.0921 7 1 1 1 1 
-0.0564 -1.4633 0.0935 8 1 1 1 1 
-0.0593 -1.4484 0.0944 9 1 1 1 1 
-0.0619 -1.4314 0.0947 10 1 1 1 1 
-0.0641 -1.4123 0.0943 11 1 1 1 1 
-0.0657 -1.3911 0.0931 12 1 1 1 1 
-0.0666 -1.3675 0.0908 13 1 1 1 1 
-0.0665 -1.3417 0.0873 14 0 0 0 0 
-0.0665 -1.3417 0.0873 15 0 0 0 0 

-0.0475 -1.5176 0.0826 0 0 0 0 0 
-0.0467 -1.5163 0.0829 1 1 1 1 1 
-0.0470 -1.5136 0.0839 2 1 1 1 1 
-0.0481 -1.5093 0.0852 3 1 1 1 1 
-0.0499 -1.5034 0.0869 4 1 1 1 1 
-0.0523 -1.4959 0.0887 5 1 1 1 1 
-0.0550 -1.4867 0.0904 6 1 1 1 1 
-0.0579 -1.4756 0.0921 7 1 1 1 1 
-0.0609 -1.4626 0.0935 8 1 1 1 1 
-0.0638 -1.4477 0.0944 9 1 1 1 1 
-0.0665 -1.4307 0.0947 10 1 1 1 1 
-0.0687 -1.4116 0.0943 11 1 1 1 1 
-0.0703 -1.3904 0.0931 12 1 1 1 1 
-0.0712 -1.3668 0.0908 13 1 1 1 1 
-0.0711 -1.3409 0.0873 14 0 0 0 0 
-0.0711 -1.3409 0.0873 15 0 0 0 0 

-0.0506 -1.5180 0.0826 0 0 0 0 0 
-0.0499 -1.5167 0.0829 1 1 1 1 1 
-0.0501 -1.5139 0.0839 2 1 1 1 1 
-0.0513 -1.5096 0.0852 3 1 1 1 1 
-0.0531 -1.5038 0.0869 4 1 1 1 1 
-0.0554 -1.4963 0.0887 5 1 1 1 1 
-0.0582 -1.4870 0.0904 6 1 1 1 1 
-0.0611 -1.4759 0.0921 7 1 1 1 1 
-0.0641 -1.4630 0.0935 8 1 1 1 1 
-0.0670 -1.4480 0.0944 9 1 1 1 1 
-0.0696 -1.4311 0.0947 10 1 1 1 1 
-0.0718 -1.4120 0.0943 11 1 1 1 1 
-0.0734 -1.3907 0.0931 12 1 1 1 1 
-0.0743 -1.3672 0.0908 13 1 1 1 1 
-0.0743 -1.3413 0.0873 14 0 0 0 0 
-0.0743 -1.3413 0.0873 15 0 0 0 0 

-0.0555 -1.5187 0.0826 0 0 0 0 0 
-0.0548 -1.5174 0.0829 1 1 1 1 1 
-0.0551 -1.5146 0.0839 2 1 1 1 1 
-0.0562 -1.5103 0.0852 3 1 1 1 1 
-0.0580 -1.5045 0.0869 4 1 1 1 1 
-0.0604 -1.4970 0.0887 5 1 1 1 1 
-0.0631 -1.4877 0.0904 6 1 1 1 1 
-0.0660 -1.4766 0.0921 7 1 1 1 1 
-0.0690 -1.4637 0.0935 8 1 1 1 1 
-0.0719 -1.4487 0.0944 9 1 1 1 1 
-0.0746 -1.4318 0.0947 10 1 1 1 1 
-0.0768 -1.4127 0.0943 11 1 1 1 1 
-0.0784 -1.3914 0.0931 12 1 1 1 1 
-0.0792 -1.3679 0.0908 13 1 1 1 1 
-0.0792 -1.3420 0.0873 14 0 0 0 0 
-0.0792 -1.3420 0.0873 15 0 0 0 0 

-0.0573 -1.5187 0.0826 0 0 0 0 0 
-0.0566 -1.5174 0.0829 1 1 1 1 1 
-0.0568 -1.5146 0.0839 2 1 1 1 1 
-0.0579 -1.5103 0.0852 3 1 1 1 1 
-0.0598 -1.5045 0.0869 4 1 1 1 1 
-0.0621 -1.4970 0.0887 5 1 1 1 1 
-0.0648 -1.4877 0.0904 6 1 1 1 1 
-0.0678 -1.4766 0.0921 7 1 1 1 1 
-0.0708 -1.4637 0.0935 8 1 1 1 1 
-0.0737 -1.4487 0.0944 9 1 1 1 1 
-0.0763 -1.4318 0.0947 10 1 1 1 1 
-0.0785 -1.4127 0.0943 11 1 1 1 1 
-0.0801 -1.3914 0.0931 12 1 1 1 1 
-0.0810 -1.3679 0.0908 13 1 1 1 1 
-0.0810 -1.3420 0.0873 14 0 0 0 0 
-0.0810 -1.3420 0.0873 15 0 0 0 0 

-0.0608 -1.5187 0.0826 0 0 0 0 0 
-0.0601 -1.5174 0.0829 1 1 1 1 1 
-0.0603 -1.5146 0.0839 2 1 1 1 1 
-0.0615 -1.5103 0.0852 3 1 1 1 1 
-0.0633 -1.5045 0.0869 4 1 1 1 1 
-0.0656 -1.4970 0.0887 5 1 1 1 1 
-0.0684 -1.4877 0.0904 6 1 1 1 1 
-0.0713 -1.4766 0.0921 7 1 1 1 1 
-0.0743 -1.4637 0.0935 8 1 1 1 1 
-0.0772 -1.4487 0.0944 9 1 1 1 1 
-0.0798 -1.4318 0.0947 10 1 1 1 1 
-0.0820 -1.4127 0.0943 11 1 1 1 1 
-0.0836 -1.3914 0.0931 12 1 1 1 1 
-0.0845 -1.3679 0.0908 13 1 1 1 1 
-0.0845 -1.3420 0.0873 14 0 0 0 0 
-0.0845 -1.3420 0.0873 15 0 0 0 0 

-0.0524 -1.5180 0.0826 0 0 0 0 0 
-0.0516 -1.5167 0.0829 1 1 1 1 1 
-0.0519 -1.5139 0.0839 2 1 1 1 1 
-0.0530 -1.5096 0.0852 3 1 1 1 1 
-0.0548 -1.5038 0.0869 4 1 1 1 1 
-0.0572 -1.4963 0.0887 5 1 1 1 1 
-0.0599 -1.4870 0.0904 6 1 1 1 1 
-0.0629 -1.4759 0.0921 7 1 1 1 1 
-0.0659 -1.4630 0.0935 8 1 1 1 1 
-0.0688 -1.4480 0.0944 9 1 1 1 1 
-0.0714 -1.4311 0.0947 10 1 1 1 1 
-0.0736 -1.4120 0.0943 11 1 1 1 1 
-0.0752 -1.3907 0.0931 12 1 1 1 1 
-0.0761 -1.3672 0.0908 13 1 1 1 1 
-0.0760 -1.3413 0.0873 14 0 0 0 0 
-0.0760 -1.3413 0.0873 15 0 0 0 0 

-0.0269 -1.5322 0.0000 0 0 0 0 0 
-0.0363 -1.5303 0.0003 1 1 1 1 1 
-0.0447 -1.5276 0.0012 2 1 1 1 1 
-0.0522 -1.5239 0.0026 3 1 1 1 1 
-0.0587 -1.5190 0.0042 4 1 1 1 1 
-0.0644 -1.5128 0.0060 5 1 1 1 1 
-0.0692 -1.5051 0.0078 6 1 1 1 1 
-0.0732 -1.4958 0.0094 7 1 1 1 1 
-0.0764 -1.4847 0.0107 8 1 1 1 1 
-0.0788 -1.4717 0.0117 9 1 1 1 1 
-0.0805 -1.4567 0.0120 10 1 1 1 1 
-0.0814 -1.4393 0.0116 11 1 1 1 1 
-0.0817 -1.4197 0.0104 12 1 1 1 1 
-0.0813 -1.3974 0.0081 13 1 1 1 1 
-0.0803 -1.3725 0.0047 14 0 0 0 0 
-0.0803 -1.3725 0.0047 15 0 0 0 0 

0.0072 -1.5453 0.0044 0 0 0 0 0 
0.0133 -1.5436 -0.0015 1 1 1 1 1 
0.0186 -1.5402 -0.0074 2 1 1 1 1 
0.0232 -1.5352 -0.0132 3 1 1 1 1 
0.0271 -1.5289 -0.0189 4 1 1 1 1 
0.0304 -1.5215 -0.0243 5 1 1 1 1 
0.0330 -1.5132 -0.0294 6 1 1 1 1 
0.0351 -1.5041 -0.0341 7 1 1 1 1 
0.0366 -1.4946 -0.0383 8 1 1 1 1 
0.0376 -1.4847 -0.0419 9 1 1 1 1 
0.0380 -1.4747 -0.0448 10 1 1 1 1 
0.0381 -1.4649 -0.0469 11 1 1 1 1 
0.0377 -1.4553 -0.0482 12 1 1 1 1 
0.0370 -1.4462 -0.0485 13 1 1 1 1 
0.0359 -1.4378 -0.0478 14 0 0 0 0 
0.0359 -1.4378 -0.0478 15 0 0 0 0 

0.0199 -1.5453 0.0044 0 0 0 0 0 
0.0260 -1.5436 -0.0015 1 1 1 1 1 
0.0313 -1.5402 -0.0074 2 1 1 1 1 
0.0359 -1.5352 -0.0132 3 1 1 1 1 
0.0399 -1.5289 -0.0189 4 1 1 1 1 
0.0431 -1.5215 -0.0243 5 1 1 1 1 
0.0458 -1.5132 -0.0294 6 1 1 1 1 
0.0478 -1.5041 -0.0341 7 1 1 1 1 
0.0493 -1.4946 -0.0383 8 1 1 1 1 
0.0503 -1.4847 -0.0419 9 1 1 1 1 
0.0508 -1.4747 -0.0448 10 1 1 1 1 
0.0508 -1.4649 -0.0469 11 1 1 1 1 
0.0505 -1.4553 -0.0482 12 1 1 1 1 
0.0497 -1.4462 -0.0485 13 1 1 1 1 
0.0486 -1.4378 -0.0478 14 0 0 0 0 
0.0486 -1.4378 -0.0478 15 0 0 0 0 

0.0136 -1.5453 0.0044 0 0 0 0 0 
0.0197 -1.5436 -0.0015 1 1 1 1 1 
0.0251 -1.5402 -0.0074 2 1 1 1 1 
0.0297 -1.5352 -0.0132 3 1 1 1 1 
0.0336 -1.5289 -0.0189 4 1 1 1 1 
0.0369 -1.5215 -0.0243 5 1 1 1 1 
0.0395 -1.5132 -0.0294 6 1 1 1 1 
0.0416 -1.5041 -0.0341 7 1 1 1 1 
0.0430 -1.4946 -0.0383 8 1 1 1 1 
0.0440 -1.4847 -0.0419 9 1 1 1 1 
0.0445 -1.4747 -0.0448 10 1 1 1 1 
0.0446 -1.4649 -0.0469 11 1 1 1 1 
0.0442 -1.4553 -0.0482 12 1 1 1 1 
0.0435 -1.4462 -0.0485 13 1 1 1 1 
0.0424 -1.4378 -0.0478 14 0 0 0 0 
0.0424 -1.4378 -0.0478 15 0 0 0 0 

0.0290 -1.5453 0.0044 0 0 0 0 0 
0.0351 -1.5436 -0.0015 1 1 1 1 1 
0.0405 -1.5402 -0.0074 2 1 1 1 1 
0.0451 -1.5352 -0.0132 3 1 1 1 1 
0.0490 -1.5289 -0.0189 4 1 1 1 1 
0.0523 -1.5215 -0.0243 5 1 1 1 1 
0.0549 -1.5132 -0.0294 6 1 1 1 1 
0.0570 -1.5041 -0.0341 7 1 1 1 1 
0.0584 -1.4946 -0.0383 8 1 1 1 1 
0.0594 -1.4847 -0.0419 9 1 1 1 1 
0.0599 -1.4747 -0.0448 10 1 1 1 1 
0.0600 -1.4649 -0.0469 11 1 1 1 1 
0.0596 -1.4553 -0.0482 12 1 1 1 1 
0.0589 -1.4462 -0.0485 13 1 1 1 1 
0.0578 -1.4378 -0.0478 14 0 0 0 0 
0.0578 -1.4378 -0.0478 15 0 0 0 0 

0.0229 -1.5453 0.0044 0 0 0 0 0 
0.0290 -1.5436 -0.0015 1 1 1 1 1 
0.0343 -1.5402 -0.0074 2 1 1 1 1 
0.0389 -1.5352 -0.0132 3 1 1 1 1 
0.0428 -1.5289 -0.0189 4 1 1 1 1 
0.0461 -1.5215 -0.0243 5 1 1 1 1 
0.0487 -1.5132 -0.0294 6 1 1 1 1 
0.0508 -1.5041 -0.0341 7 1 1 1 1 
0.0523 -1.4946 -0.0383 8 1 1 1 1 
0.0532 -1.4847 -0.0419 9 1 1 1 1 
0.0537 -1.4747 -0.0448 10 1 1 1 1 
0.0538 -1.4649 -0.0469 11 1 1 1 1 
0.0534 -1.4553 -0.0482 12 1 1 1 1 
0.0527 -1.4462 -0.0485 13 1 1 1 1 
0.0516 -1.4378 -0.0478 14 0 0 0 0 
0.0516 -1.4378 -0.0478 15 0 0 0 0 

0.0166 -1.5453 0.0044 0 0 0 0 0 
0.0227 -1.5436 -0.0015 1 1 1 1 1 
0.0281 -1.5402 -0.0074 2 1 1 1 1 
0.0327 -1.5352 -0.0132 3 1 1 1 1 
0.0366 -1.5289 -0.0189 4 1 1 1 1 
0.0399 -1.5215 -0.0243 5 1 1 1 1 
0.0425 -1.5132 -0.0294 6 1 1 1 1 
0.0445 -1.5041 -0.0341 7 1 1 1 1 
0.0460 -1.4946 -0.0383 8 1 1 1 1 
0.0470 -1.4847 -0.0419 9 1 1 1 1 
0.0475 -1.4747 -0.0448 10 1 1 1 1 
0.0475 -1.4649 -0.0469 11 1 1 1 1 
0.0472 -1.4553 -0.0482 12 1 1 1 1 
0.0464 -1.4462 -0.0485 13 1 1 1 1 
0.0454 -1.4378 -0.0478 14 0 0 0 0 
0.0454 -1.4378 -0.0478 15 0 0 0 0 

0.0115 -1.5453 0.0044 0 0 0 0 0 
0.0176 -1.5436 -0.0015 1 1 1 1 1 
0.0230 -1.5402 -0.0074 2 1 1 1 1 
0.0276 -1.5352 -0.0132 3 1 1 1 1 
0.0315 -1.5289 -0.0189 4 1 1 1 1 
0.0348 -1.5215 -0.0243 5 1 1 1 1 
0.0374 -1.5132 -0.0294 6 1 1 1 1 
0.0395 -1.5041 -0.0341 7 1 1 1 1 
0.0409 -1.4946 -0.0383 8 1 1 1 1 
0.0419 -1.4847 -0.0419 9 1 1 1 1 
0.0424 -1.4747 -0.0448 10 1 1 1 1 
0.0425 -1.4649 -0.0469 11 1 1 1 1 
0.0421 -1.4553 -0.0482 12 1 1 1 1 
0.0414 -1.4462 -0.0485 13 1 1 1 1 
0.0403 -1.4378 -0.0478 14 0 0 0 0 
0.0403 -1.4378 -0.0478 15 0 0 0 0 

0.0070 -1.5453 0.0044 0 0 0 0 0 
0.0131 -1.5436 -0.0015 1 1 1 1 1 
0.0184 -1.5402 -0.0074 2 1 1 1 1 
0.0230 -1.5352 -0.0132 3 1 1 1 1 
0.0270 -1.5289 -0.0189 4 1 1 1 1 
0.0302 -1.5215 -0.0243 5 1 1 1 1 
0.0329 -1.5132 -0.0294 6 1 1 1 1 
0.0349 -1.5041 -0.0341 7 1 1 1 1 
0.0364 -1.4946 -0.0383 8 1 1 1 1 
0.0374 -1.4847 -0.0419 9 1 1 1 1 
0.0379 -1.4747 -0.0448 10 1 1 1 1 
0.0379 -1.4649 -0.0469 11 1 1 1 1 
0.0375 -1.4553 -0.0482 12 1 1 1 1 
0.0368 -1.4462 -0.0485 13 1 1 1 1 
0.0357 -1.4378 -0.0478 14 0 0 0 0 
0.0357 -1.4378 -0.0478 15 0 0 0 0 

0.0006 -1.5453 0.0044 0 0 0 0 0 
0.0067 -1.5436 -0.0015 1 1 1 1 1 
0.0120 -1.5402 -0.0074 2 1 1 1 1 
0.0167 -1.5352 -0.0132 3 1 1 1 1 
0.0206 -1.5289 -0.0189 4 1 1 1 1 
0.0238 -1.5215 -0.0243 5 1 1 1 1 
0.0265 -1.5132 -0.0294 6 1 1 1 1 
0.0285 -1.5041 -0.0341 7 1 1 1 1 
0.0300 -1.4946 -0.0383 8 1 1 1 1 
0.0310 -1.4847 -0.0419 9 1 1 1 1 
0.0315 -1.4747 -0.0448 10 1 1 1 1 
0.0315 -1.4649 -0.0469 11 1 1 1 1 
0.0312 -1.4553 -0.0482 12 1 1 1 1 
0.0304 -1.4462 -0.0485 13 1 1 1 1 
0.0293 -1.4378 -0.0478 14 0 0 0 0 
0.0293 -1.4378 -0.0478 15 0 0 0 0 

-0.0025 -1.5453 0.0044 0 0 0 0 0 
0.0036 -1.5436 -0.0015 1 1 1 1 1 
0.0090 -1.5402 -0.0074 2 1 1 1 1 
0.0136 -1.5352 -0.0132 3 1 1 1 1 
0.0175 -1.5289 -0.0189 4 1 1 1 1 
0.0207 -1.5215 -0.0243 5 1 1 1 1 
0.0234 -1.5132 -0.0294 6 1 1 1 1 
0.0254 -1.5041 -0.0341 7 1 1 1 1 
0.0269 -1.4946 -0.0383 8 1 1 1 1 
0.0279 -1.4847 -0.0419 9 1 1 1 1 
0.0284 -1.4747 -0.0448 10 1 1 1 1 
0.0284 -1.4649 -0.0469 11 1 1 1 1 
0.0281 -1.4553 -0.0482 12 1 1 1 1 
0.0273 -1.4462 -0.0485 13 1 1 1 1 
0.0263 -1.4378 -0.0478 14 0 0 0 0 
0.0263 -1.4378 -0.0478 15 0 0 0 0 

-0.0062 -1.5453 0.0044 0 0 0 0 0 
-0.0001 -1.5436 -0.0015 1 1 1 1 1 
0.0053 -1.5402 -0.0074 2 1 1 1 1 
0.0099 -1.5352 -0.0132 3 1 1 1 1 
0.0138 -1.5289 -0.0189 4 1 1 1 1 
0.0171 -1.5215 -0.0243 5 1 1 1 1 
0.0197 -1.5132 -0.0294 6 1 1 1 1 
0.0217 -1.5041 -0.0341 7 1 1 1 1 
0.0232 -1.4946 -0.0383 8 1 1 1 1 
0.0242 -1.4847 -0.0419 9 1 1 1 1 
0.0247 -1.4747 -0.0448 10 1 1 1 1 
0.0247 -1.4649 -0.0469 11 1 1 1 1 
0.0244 -1.4553 -0.0482 12 1 1 1 1 
0.0236 -1.4462 -0.0485 13 1 1 1 1 
0.0226 -1.4378 -0.0478 14 0 0 0 0 
0.0226 -1.4378 -0.0478 15 0 0 0 0 

-0.0090 -1.5453 0.0044 0 0 0 0 0 
-0.0029 -1.5436 -0.0015 1 1 1 1 1 
0.0025 -1.5402 -0.0074 2 1 1 1 1 
0.0071 -1.5352 -0.0132 3 1 1 1 1 
0.0110 -1.5289 -0.0189 4 1 1 1 1 
0.0143 -1.5215 -0.0243 5 1 1 1 1 
0.0169 -1.5132 -0.0294 6 1 1 1 1 
0.0189 -1.5041 -0.0341 7 1 1 1 1 
0.0204 -1.4946 -0.0383 8 1 1 1 1 
0.0214 -1.4847 -0.0419 9 1 1 1 1 
0.0219 -1.4747 -0.0448 10 1 1 1 1 
0.0219 -1.4649 -0.0469 11 1 1 1 1 
0.0216 -1.4553 -0.0482 12 1 1 1 1 
0.0209 -1.4462 -0.0485 13 1 1 1 1 
0.0198 -1.4378 -0.0478 14 0 0 0 0 
0.0198 -1.4378 -0.0478 15 0 0 0 0 

-0.0128 -1.5453 0.0044 0 0 0 0 0 
-0.0067 -1.5436 -0.0015 1 1 1 1 1 
-0.0014 -1.5402 -0.0074 2 1 1 1 1 
0.0033 -1.5352 -0.0132 3 1 1 1 1 
0.0072 -1.5289 -0.0189 4 1 1 1 1 
0.0104 -1.5215 -0.0243 5 1 1 1 1 
0.0131 -1.5132 -0.0294 6 1 1 1 1 
0.0151 -1.5041 -0.0341 7 1 1 1 1 
0.0166 -1.4946 -0.0383 8 1 1 1 1 
0.0176 -1.4847 -0.0419 9 1 1 1 1 
0.0181 -1.4747 -0.0448 10 1 1 1 1 
0.0181 -1.4649 -0.0469 11 1 1 1 1 
0.0178 -1.4553 -0.0482 12 1 1 1 1 
0.0170 -1.4462 -0.0485 13 1 1 1 1 
0.0160 -1.4378 -0.0478 14 0 0 0 0 
0.0160 -1.4378 -0.0478 15 0 0 0 0 

-0.0175 -1.5453 0.0044 0 0 0 0 0 
-0.0114 -1.5436 -0.0015 1 1 1 1 1 
-0.0060 -1.5402 -0.0074 2 1 1 1 1 
-0.0014 -1.5352 -0.0132 3 1 1 1 1 
0.0025 -1.5289 -0.0189 4 1 1 1 1 
0.0057 -1.5215 -0.0243 5 1 1 1 1 
0.0084 -1.5132 -0.0294 6 1 1 1 1 
0.0104 -1.5041 -0.0341 7 1 1 1 1 
0.0119 -1.4946 -0.0383 8 1 1 1 1 
0.0129 -1.4847 -0.0419 9 1 1 1 1 
0.0134 -1.4747 -0.0448 10 1 1 1 1 
0.0134 -1.4649 -0.0469 11 1 1 1 1 
0.0131 -1.4553 -0.0482 12 1 1 1 1 
0.0123 -1.4462 -0.0485 13 1 1 1 1 
0.0113 -1.4378 -0.0478 14 0 0 0 0 
0.0113 -1.4378 -0.0478 15 0 0 0 0 

-0.0060 -1.5453 0.0044 0 0 0 0 0 
-0.0084 -1.5436 -0.0015 1 1 1 1 1 
-0.0104 -1.5402 -0.0074 2 1 1 1 1 
-0.0121 -1.5352 -0.0132 3 1 1 1 1 
-0.0135 -1.5289 -0.0189 4 1 1 1 1 
-0.0146 -1.5214 -0.0243 5 1 1 1 1 
-0.0154 -1.5131 -0.0294 6 1 1 1 1 
-0.0159 -1.5040 -0.0341 7 1 1 1 1 
-0.0162 -1.4944 -0.0383 8 1 1 1 1 
-0.0161 -1.4846 -0.0418 9 1 1 1 1 
-0.0158 -1.4746 -0.0448 10 1 1 1 1 
-0.0153 -1.4647 -0.0469 11 1 1 1 1 
-0.0144 -1.4551 -0.0482 12 1 1 1 1 
-0.0134 -1.4461 -0.0485 13 1 1 1 1 
-0.0121 -1.4377 -0.0478 14 0 0 0 0 
-0.0121 -1.4377 -0.0478 15 0 0 0 0 

-0.0060 -1.5453 0.0044 0 0 0 0 0 
-0.0084 -1.5436 -0.0015 1 1 1 1 1 
-0.0104 -1.5402 -0.0074 2 1 1 1 1 
-0.0121 -1.5352 -0.0132 3 1 1 1 1 
-0.0135 -1.5289 -0.0189 4 1 1 1 1 
-0.0146 -1.5214 -0.0243 5 1 1 1 1 
-0.0154 -1.5131 -0.0294 6 1 1 1 1 
-0.0159 -1.5040 -0.0341 7 1 1 1 1 
-0.0162 -1.4944 -0.0383 8 1 1 1 1 
-0.0161 -1.4846 -0.0418 9 1 1 1 1 
-0.0158 -1.4746 -0.0448 10 1 1 1 1 
-0.0153 -1.4647 -0.0469 11 1 1 1 1 
-0.0144 -1.4551 -0.0482 12 1 1 1 1 
-0.0134 -1.4461 -0.0485 13 1 1 1 1 
-0.0121 -1.4377 -0.0478 14 0 0 0 0 
-0.0121 -1.4377 -0.0478 15 0 0 0 0 

0.0002 -1.5453 0.0044 0 0 0 0 0 
-0.0021 -1.5436 -0.0015 1 1 1 1 1 
-0.0042 -1.5402 -0.0074 2 1 1 1 1 
-0.0059 -1.5352 -0.0132 3 1 1 1 1 
-0.0073 -1.5289 -0.0189 4 1 1 1 1 
-0.0084 -1.5214 -0.0243 5 1 1 1 1 
-0.0092 -1.5131 -0.0294 6 1 1 1 1 
-0.0097 -1.5040 -0.0341 7 1 1 1 1 
-0.0099 -1.4944 -0.0383 8 1 1 1 1 
-0.0099 -1.4846 -0.0418 9 1 1 1 1 
-0.0096 -1.4746 -0.0448 10 1 1 1 1 
-0.0090 -1.4647 -0.0469 11 1 1 1 1 
-0.0082 -1.4551 -0.0482 12 1 1 1 1 
-0.0071 -1.4461 -0.0485 13 1 1 1 1 
-0.0058 -1.4377 -0.0478 14 0 0 0 0 
-0.0058 -1.4377 -0.0478 15 0 0 0 0 

0.0056 -1.5453 0.0044 0 0 0 0 0 
0.0032 -1.5436 -0.0015 1 1 1 1 1 
0.0012 -1.5402 -0.0074 2 1 1 1 1 
-0.0005 -1.5352 -0.0132 3 1 1 1 1 
-0.0019 -1.5289 -0.0189 4 1 1 1 1 
-0.0030 -1.5214 -0.0243 5 1 1 1 1 
-0.0038 -1.5131 -0.0294 6 1 1 1 1 
-0.0043 -1.5040 -0.0341 7 1 1 1 1 
-0.0046 -1.4944 -0.0383 8 1 1 1 1 
-0.0045 -1.4846 -0.0418 9 1 1 1 1 
-0.0042 -1.4746 -0.0448 10 1 1 1 1 
-0.0036 -1.4647 -0.0469 11 1 1 1 1 
-0.0028 -1.4551 -0.0482 12 1 1 1 1 
-0.0018 -1.4461 -0.0485 13 1 1 1 1 
-0.0005 -1.4377 -0.0478 14 0 0 0 0 
-0.0005 -1.4377 -0.0478 15 0 0 0 0 

0.0115 -1.5453 0.0044 0 0 0 0 0 
0.0092 -1.5436 -0.0015 1 1 1 1 1 
0.0071 -1.5402 -0.0074 2 1 1 1 1 
0.0054 -1.5352 -0.0132 3 1 1 1 1 
0.0040 -1.5289 -0.0189 4 1 1 1 1 
0.0029 -1.5214 -0.0243 5 1 1 1 1 
0.0021 -1.5131 -0.0294 6 1 1 1 1 
0.0016 -1.5040 -0.0341 7 1 1 1 1 
0.0014 -1.4944 -0.0383 8 1 1 1 1 
0.0014 -1.4846 -0.0418 9 1 1 1 1 
0.0017 -1.4746 -0.0448 10 1 1 1 1 
0.0023 -1.4647 -0.0469 11 1 1 1 1 
0.0031 -1.4551 -0.0482 12 1 1 1 1 
0.0042 -1.4461 -0.0485 13 1 1 1 1 
0.0055 -1.4377 -0.0478 14 0 0 0 0 
0.0055 -1.4377 -0.0478 15 0 0 0 0 

0.0153 -1.5453 0.0044 0 0 0 0 0 
0.0129 -1.5436 -0.0015 1 1 1 1 1 
0.0109 -1.5402 -0.0074 2 1 1 1 1 
0.0092 -1.5352 -0.0132 3 1 1 1 1 
0.0078 -1.5289 -0.0189 4 1 1 1 1 
0.0067 -1.5214 -0.0243 5 1 1 1 1 
0.0059 -1.5131 -0.0294 6 1 1 1 1 
0.0054 -1.5040 -0.0341 7 1 1 1 1 
0.0051 -1.4944 -0.0383 8 1 1 1 1 
0.0052 -1.4846 -0.0418 9 1 1 1 1 
0.0055 -1.4746 -0.0448 10 1 1 1 1 
0.0061 -1.4647 -0.0469 11 1 1 1 1 
0.0069 -1.4551 -0.0482 12 1 1 1 1 
0.0079 -1.4461 -0.0485 13 1 1 1 1 
0.0092 -1.4377 -0.0478 14 0 0 0 0 
0.0092 -1.4377 -0.0478 15 0 0 0 0 

0.0072 -1.5453 0.0044 0 0 0 0 0 
0.0049 -1.5436 -0.0015 1 1 1 1 1 
0.0028 -1.5402 -0.0074 2 1 1 1 1 
0.0011 -1.5352 -0.0132 3 1 1 1 1 
-0.0003 -1.5289 -0.0189 4 1 1 1 1 
-0.0014 -1.5214 -0.0243 5 1 1 1 1 
-0.0022 -1.5131 -0.0294 6 1 1 1 1 
-0.0027 -1.5040 -0.0341 7 1 1 1 1 
-0.0029 -1.4944 -0.0383 8 1 1 1 1 
-0.0029 -1.4846 -0.0418 9 1 1 1 1 
-0.0025 -1.4746 -0.0448 10 1 1 1 1 
-0.0020 -1.4647 -0.0469 11 1 1 1 1 
-0.0012 -1.4551 -0.0482 12 1 1 1 1 
-0.0001 -1.4461 -0.0485 13 1 1 1 1 
0.0012 -1.4377 -0.0478 14 0 0 0 0 
0.0012 -1.4377 -0.0478 15 0 0 0 0 

0.0009 -1.5453 0.0044 0 0 0 0 0 
-0.0015 -1.5436 -0.0015 1 1 1 1 1 
-0.0035 -1.5402 -0.0074 2 1 1 1 1 
-0.0052 -1.5352 -0.0132 3 1 1 1 1 
-0.0066 -1.5289 -0.0189 4 1 1 1 1 
-0.0077 -1.5214 -0.0243 5 1 1 1 1 
-0.0085 -1.5131 -0.0294 6 1 1 1 1 
-0.0091 -1.5040 -0.0341 7 1 1 1 1 
-0.0093 -1.4944 -0.0383 8 1 1 1 1 
-0.0092 -1.4846 -0.0418 9 1 1 1 1 
-0.0089 -1.4746 -0.0448 10 1 1 1 1 
-0.0084 -1.4647 -0.0469 11 1 1 1 1 
-0.0075 -1.4551 -0.0482 12 1 1 1 1 
-0.0065 -1.4461 -0.0485 13 1 1 1 1 
-0.0052 -1.4377 -0.0478 14 0 0 0 0 
-0.0052 -1.4377 -0.0478 15 0 0 0 0 

-0.0042 -1.5453 0.0044 0 0 0 0 0 
-0.0066 -1.5436 -0.0015 1 1 1 1 1 
-0.0086 -1.5402 -0.0074 2 1 1 1 1 
-0.0103 -1.5352 -0.0132 3 1 1 1 1 
-0.0117 -1.5289 -0.0189 4 1 1 1 1 
-0.0128 -1.5214 -0.0243 5 1 1 1 1 
-0.0136 -1.5131 -0.0294 6 1 1 1 1 
-0.0141 -1.5040 -0.0341 7 1 1 1 1 
-0.0144 -1.4944 -0.0383 8 1 1 1 1 
-0.0143 -1.4846 -0.0418 9 1 1 1 1 
-0.0140 -1.4746 -0.0448 10 1 1 1 1 
-0.0134 -1.4647 -0.0469 11 1 1 1 1 
-0.0126 -1.4551 -0.0482 12 1 1 1 1 
-0.0116 -1.4461 -0.0485 13 1 1 1 1 
-0.0103 -1.4377 -0.0478 14 0 0 0 0 
-0.0103 -1.4377 -0.0478 15 0 0 0 0 

-0.0080 -1.5453 0.0044 0 0 0 0 0 
-0.0104 -1.5436 -0.0015 1 1 1 1 1 
-0.0124 -1.5402 -0.0074 2 1 1 1 1 
-0.0141 -1.5352 -0.0132 3 1 1 1 1 
-0.0155 -1.5289 -0.0189 4 1 1 1 1 
-0.0166 -1.5214 -0.0243 5 1 1 1 1 
-0.0174 -1.5131 -0.0294 6 1 1 1 1 
-0.0179 -1.5040 -0.0341 7 1 1 1 1 
-0.0182 -1.4944 -0.0383 8 1 1 1 1 
-0.0181 -1.4846 -0.0418 9 1 1 1 1 
-0.0178 -1.4746 -0.0448 10 1 1 1 1 
-0.0172 -1.4647 -0.0469 11 1 1 1 1 
-0.0164 -1.4551 -0.0482 12 1 1 1 1 
-0.0154 -1.4461 -0.0485 13 1 1 1 1 
-0.0141 -1.4377 -0.0478 14 0 0 0 0 
-0.0141 -1.4377 -0.0478 15 0 0 0 0 

-0.0106 -1.5453 0.0044 0 0 0 0 0 
-0.0129 -1.5436 -0.0015 1 1 1 1 1 
-0.0150 -1.5402 -0.0074 2 1 1 1 1 
-0.0167 -1.5352 -0.0132 3 1 1 1 1 
-0.0181 -1.5289 -0.0189 4 1 1 1 1 
-0.0192 -1.5214 -0.0243 5 1 1 1 1 
-0.0200 -1.5131 -0.0294 6 1 1 1 1 
-0.0205 -1.5040 -0.0341 7 1 1 1 1 
-0.0207 -1.4944 -0.0383 8 1 1 1 1 
-0.0207 -1.4846 -0.0418 9 1 1 1 1 
-0.0204 -1.4746 -0.0448 10 1 1 1 1 
-0.0198 -1.4647 -0.0469 11 1 1 1 1 
-0.0190 -1.4551 -0.0482 12 1 1 1 1 
-0.0179 -1.4461 -0.0485 13 1 1 1 1 
-0.0166 -1.4377 -0.0478 14 0 0 0 0 
-0.0166 -1.4377 -0.0478 15 0 0 0 0 

-0.0156 -1.5453 0.0044 0 0 0 0 0 
-0.0180 -1.5436 -0.0015 1 1 1 1 1 
-0.0200 -1.5402 -0.0074 2 1 1 1 1 
-0.0217 -1.5352 -0.0132 3 1 1 1 1 
-0.0231 -1.5289 -0.0189 4 1 1 1 1 
-0.0242 -1.5214 -0.0243 5 1 1 1 1 
-0.0250 -1.5131 -0.0294 6 1 1 1 1 
-0.0256 -1.5040 -0.0341 7 1 1 1 1 
-0.0258 -1.4944 -0.0383 8 1 1 1 1 
-0.0257 -1.4846 -0.0418 9 1 1 1 1 
-0.0254 -1.4746 -0.0448 10 1 1 1 1 
-0.0249 -1.4647 -0.0469 11 1 1 1 1 
-0.0241 -1.4551 -0.0482 12 1 1 1 1 
-0.0230 -1.4461 -0.0485 13 1 1 1 1 
-0.0217 -1.4377 -0.0478 14 0 0 0 0 
-0.0217 -1.4377 -0.0478 15 0 0 0 0 

-0.0194 -1.5453 0.0044 0 0 0 0 0 
-0.0218 -1.5436 -0.0015 1 1 1 1 1 
-0.0238 -1.5402 -0.0074 2 1 1 1 1 
-0.0255 -1.5352 -0.0132 3 1 1 1 1 
-0.0269 -1.5289 -0.0189 4 1 1 1 1 
-0.0280 -1.5214 -0.0243 5 1 1 1 1 
-0.0288 -1.5131 -0.0294 6 1 1 1 1 
-0.0293 -1.5040 -0.0341 7 1 1 1 1 
-0.0296 -1.4944 -0.0383 8 1 1 1 1 
-0.0295 -1.4846 -0.0418 9 1 1 1 1 
-0.0292 -1.4746 -0.0448 10 1 1 1 1 
-0.0287 -1.4647 -0.0469 11 1 1 1 1 
-0.0278 -1.4551 -0.0482 12 1 1 1 1 
-0.0268 -1.4461 -0.0485 13 1 1 1 1 
-0.0255 -1.4377 -0.0478 14 0 0 0 0 
-0.0255 -1.4377 -0.0478 15 0 0 0 0 

-0.0265 -1.5453 0.0044 0 0 0 0 0 
-0.0289 -1.5436 -0.0015 1 1 1 1 1 
-0.0309 -1.5402 -0.0074 2 1 1 1 1 
-0.0326 -1.5352 -0.0132 3 1 1 1 1 
-0.0340 -1.5289 -0.0189 4 1 1 1 1 
-0.0351 -1.5214 -0.0243 5 1 1 1 1 
-0.0359 -1.5131 -0.0294 6 1 1 1 1 
-0.0364 -1.5040 -0.0341 7 1 1 1 1 
-0.0367 -1.4944 -0.0383 8 1 1 1 1 
-0.0366 -1.4846 -0.0418 9 1 1 1 1 
-0.0363 -1.4746 -0.0448 10 1 1 1 1 
-0.0357 -1.4647 -0.0469 11 1 1 1 1 
-0.0349 -1.4551 -0.0482 12 1 1 1 1 
-0.0339 -1.4461 -0.0485 13 1 1 1 1 
-0.0326 -1.4377 -0.0478 14 0 0 0 0 
-0.0326 -1.4377 -0.0478 15 0 0 0 0 

-0.0295 -1.5453 0.0044 0 0 0 0 0 
-0.0318 -1.5436 -0.0015 1 1 1 1 1 
-0.0339 -1.5402 -0.0074 2 1 1 1 1 
-0.0356 -1.5352 -0.0132 3 1 1 1 1 
-0.0370 -1.5289 -0.0189 4 1 1 1 1 
-0.0381 -1.5214 -0.0243 5 1 1 1 1 
-0.0389 -1.5131 -0.0294 6 1 1 1 1 
-0.0394 -1.5040 -0.0341 7 1 1 1 1 
-0.0396 -1.4944 -0.0383 8 1 1 1 1 
-0.0396 -1.4846 -0.0418 9 1 1 1 1 
-0.0393 -1.4746 -0.0448 10 1 1 1 1 
-0.0387 -1.4647 -0.0469 11 1 1 1 1 
-0.0379 -1.4551 -0.0482 12 1 1 1 1 
-0.0368 -1.4461 -0.0485 13 1 1 1 1 
-0.0355 -1.4377 -0.0478 14 0 0 0 0 
-0.0355 -1.4377 -0.0478 15 0 0 0 0 

-0.0323 -1.5453 0.0044 0 0 0 0 0 
-0.0347 -1.5436 -0.0015 1 1 1 1 1 
-0.0367 -1.5402 -0.0074 2 1 1 1 1 
-0.0384 -1.5352 -0.0132 3 1 1 1 1 
-0.0398 -1.5289 -0.0189 4 1 1 1 1 
-0.0409 -1.5214 -0.0243 5 1 1 1 1 
-0.0417 -1.5131 -0.0294 6 1 1 1 1 
-0.0422 -1.5040 -0.0341 7 1 1 1 1 
-0.0425 -1.4944 -0.0383 8 1 1 1 1 
-0.0424 -1.4846 -0.0418 9 1 1 1 1 
-0.0421 -1.4746 -0.0448 10 1 1 1 1 
-0.0415 -1.4647 -0.0469 11 1 1 1 1 
-0.0407 -1.4551 -0.0482 12 1 1 1 1 
-0.0397 -1.4461 -0.0485 13 1 1 1 1 
-0.0384 -1.4377 -0.0478 14 0 0 0 0 
-0.0384 -1.4377 -0.0478 15 0 0 0 0 

-0.0375 -1.5453 0.0044 0 0 0 0 0 
-0.0398 -1.5436 -0.0015 1 1 1 1 1 
-0.0418 -1.5402 -0.0074 2 1 1 1 1 
-0.0436 -1.5352 -0.0132 3 1 1 1 1 
-0.0450 -1.5289 -0.0189 4 1 1 1 1 
-0.0461 -1.5214 -0.0243 5 1 1 1 1 
-0.0469 -1.5131 -0.0294 6 1 1 1 1 
-0.0474 -1.5040 -0.0341 7 1 1 1 1 
-0.0476 -1.4944 -0.0383 8 1 1 1 1 
-0.0476 -1.4846 -0.0418 9 1 1 1 1 
-0.0472 -1.4746 -0.0448 10 1 1 1 1 
-0.0467 -1.4647 -0.0469 11 1 1 1 1 
-0.0459 -1.4551 -0.0482 12 1 1 1 1 
-0.0448 -1.4461 -0.0485 13 1 1 1 1 
-0.0435 -1.4377 -0.0478 14 0 0 0 0 
-0.0435 -1.4377 -0.0478 15 0 0 0 0 

-0.0404 -1.5453 0.0044 0 0 0 0 0 
-0.0428 -1.5436 -0.0015 1 1 1 1 1 
-0.0448 -1.5402 -0.0074 2 1 1 1 1 
-0.0465 -1.5352 -0.0132 3 1 1 1 1 
-0.0479 -1.5289 -0.0189 4 1 1 1 1 
-0.0490 -1.5214 -0.0243 5 1 1 1 1 
-0.0498 -1.5131 -0.0294 6 1 1 1 1 
-0.0503 -1.5040 -0.0341 7 1 1 1 1 
-0.0506 -1.4944 -0.0383 8 1 1 1 1 
-0.0505 -1.4846 -0.0418 9 1 1 1 1 
-0.0502 -1.4746 -0.0448 10 1 1 1 1 
-0.0496 -1.4647 -0.0469 11 1 1 1 1 
-0.0488 -1.4551 -0.0482 12 1 1 1 1 
-0.0478 -1.4461 -0.0485 13 1 1 1 1 
-0.0465 -1.4377 -0.0478 14 0 0 0 0 
-0.0465 -1.4377 -0.0478 15 0 0 0 0 

-0.0445 -1.5453 0.0044 0 0 0 0 0 
-0.0468 -1.5436 -0.0015 1 1 1 1 1 
-0.0489 -1.5402 -0.0074 2 1 1 1 1 
-0.0506 -1.5352 -0.0132 3 1 1 1 1 
-0.0520 -1.5289 -0.0189 4 1 1 1 1 
-0.0531 -1.5214 -0.0243 5 1 1 1 1 
-0.0539 -1.5131 -0.0294 6 1 1 1 1 
-0.0544 -1.5040 -0.0341 7 1 1 1 1 
-0.0546 -1.4944 -0.0383 8 1 1 1 1 
-0.0546 -1.4846 -0.0418 9 1 1 1 1 
-0.0543 -1.4746 -0.0448 10 1 1 1 1 
-0.0537 -1.4647 -0.0469 11 1 1 1 1 
-0.0529 -1.4551 -0.0482 12 1 1 1 1 
-0.0518 -1.4461 -0.0485 13 1 1 1 1 
-0.0505 -1.4377 -0.0478 14 0 0 0 0 
-0.0505 -1.4377 -0.0478 15 0 0 0 0 

-0.0405 -1.5467 0.0029 0 0 0 0 0 
-0.0429 -1.5450 -0.0029 1 1 1 1 1 
-0.0449 -1.5415 -0.0088 2 1 1 1 1 
-0.0466 -1.5365 -0.0146 3 1 1 1 1 
-0.0480 -1.5302 -0.0203 4 1 1 1 1 
-0.0491 -1.5228 -0.0257 5 1 1 1 1 
-0.0499 -1.5144 -0.0308 6 1 1 1 1 
-0.0504 -1.5054 -0.0355 7 1 1 1 1 
-0.0506 -1.4958 -0.0397 8 1 1 1 1 
-0.0506 -1.4859 -0.0433 9 1 1 1 1 
-0.0503 -1.4759 -0.0462 10 1 1 1 1 
-0.0497 -1.4661 -0.0483 11 1 1 1 1 
-0.0489 -1.4565 -0.0496 12 1 1 1 1 
-0.0479 -1.4475 -0.0499 13 1 1 1 1 
-0.0466 -1.4391 -0.0492 14 0 0 0 0 
-0.0466 -1.4391 -0.0492 15 0 0 0 0 

-0.0376 -1.5467 0.0029 0 0 0 0 0 
-0.0399 -1.5450 -0.0029 1 1 1 1 1 
-0.0420 -1.5415 -0.0088 2 1 1 1 1 
-0.0437 -1.5365 -0.0146 3 1 1 1 1 
-0.0451 -1.5302 -0.0203 4 1 1 1 1 
-0.0462 -1.5228 -0.0257 5 1 1 1 1 
-0.0470 -1.5144 -0.0308 6 1 1 1 1 
-0.0475 -1.5054 -0.0355 7 1 1 1 1 
-0.0477 -1.4958 -0.0397 8 1 1 1 1 
-0.0477 -1.4859 -0.0433 9 1 1 1 1 
-0.0474 -1.4759 -0.0462 10 1 1 1 1 
-0.0468 -1.4661 -0.0483 11 1 1 1 1 
-0.0460 -1.4565 -0.0496 12 1 1 1 1 
-0.0449 -1.4475 -0.0499 13 1 1 1 1 
-0.0436 -1.4391 -0.0492 14 0 0 0 0 
-0.0436 -1.4391 -0.0492 15 0 0 0 0 

-0.0225 -1.5467 0.0029 0 0 0 0 0 
-0.0248 -1.5450 -0.0029 1 1 1 1 1 
-0.0269 -1.5415 -0.0088 2 1 1 1 1 
-0.0286 -1.5365 -0.0146 3 1 1 1 1 
-0.0300 -1.5302 -0.0203 4 1 1 1 1 
-0.0311 -1.5228 -0.0257 5 1 1 1 1 
-0.0319 -1.5144 -0.0308 6 1 1 1 1 
-0.0324 -1.5054 -0.0355 7 1 1 1 1 
-0.0326 -1.4958 -0.0397 8 1 1 1 1 
-0.0326 -1.4859 -0.0433 9 1 1 1 1 
-0.0323 -1.4759 -0.0462 10 1 1 1 1 
-0.0317 -1.4661 -0.0483 11 1 1 1 1 
-0.0309 -1.4565 -0.0496 12 1 1 1 1 
-0.0298 -1.4475 -0.0499 13 1 1 1 1 
-0.0285 -1.4391 -0.0492 14 0 0 0 0 
-0.0285 -1.4391 -0.0492 15 0 0 0 0 

-0.0244 -1.5467 0.0029 0 0 0 0 0 
-0.0267 -1.5450 -0.0029 1 1 1 1 1 
-0.0288 -1.5415 -0.0088 2 1 1 1 1 
-0.0305 -1.5365 -0.0146 3 1 1 1 1 
-0.0319 -1.5302 -0.0203 4 1 1 1 1 
-0.0330 -1.5228 -0.0257 5 1 1 1 1 
-0.0338 -1.5144 -0.0308 6 1 1 1 1 
-0.0343 -1.5054 -0.0355 7 1 1 1 1 
-0.0345 -1.4958 -0.0397 8 1 1 1 1 
-0.0345 -1.4859 -0.0433 9 1 1 1 1 
-0.0342 -1.4759 -0.0462 10 1 1 1 1 
-0.0336 -1.4661 -0.0483 11 1 1 1 1 
-0.0328 -1.4565 -0.0496 12 1 1 1 1 
-0.0317 -1.4475 -0.0499 13 1 1 1 1 
-0.0304 -1.4391 -0.0492 14 0 0 0 0 
-0.0304 -1.4391 -0.0492 15 0 0 0 0 

-0.0341 -1.5467 0.0029 0 0 0 0 0 
-0.0365 -1.5450 -0.0029 1 1 1 1 1 
-0.0385 -1.5415 -0.0088 2 1 1 1 1 
-0.0402 -1.5365 -0.0146 3 1 1 1 1 
-0.0416 -1.5302 -0.0203 4 1 1 1 1 
-0.0427 -1.5228 -0.0257 5 1 1 1 1 
-0.0435 -1.5144 -0.0308 6 1 1 1 1 
-0.0440 -1.5054 -0.0355 7 1 1 1 1 
-0.0443 -1.4958 -0.0397 8 1 1 1 1 
-0.0442 -1.4859 -0.0433 9 1 1 1 1 
-0.0439 -1.4759 -0.0462 10 1 1 1 1 
-0.0434 -1.4661 -0.0483 11 1 1 1 1 
-0.0425 -1.4565 -0.0496 12 1 1 1 1 
-0.0415 -1.4475 -0.0499 13 1 1 1 1 
-0.0402 -1.4391 -0.0492 14 0 0 0 0 
-0.0402 -1.4391 -0.0492 15 0 0 0 0 

-0.0354 -1.5467 0.0029 0 0 0 0 0 
-0.0378 -1.5450 -0.0029 1 1 1 1 1 
-0.0398 -1.5415 -0.0088 2 1 1 1 1 
-0.0415 -1.5365 -0.0146 3 1 1 1 1 
-0.0429 -1.5302 -0.0203 4 1 1 1 1 
-0.0440 -1.5228 -0.0257 5 1 1 1 1 
-0.0448 -1.5144 -0.0308 6 1 1 1 1 
-0.0453 -1.5054 -0.0355 7 1 1 1 1 
-0.0456 -1.4958 -0.0397 8 1 1 1 1 
-0.0455 -1.4859 -0.0433 9 1 1 1 1 
-0.0452 -1.4759 -0.0462 10 1 1 1 1 
-0.0447 -1.4661 -0.0483 11 1 1 1 1 
-0.0438 -1.4565 -0.0496 12 1 1 1 1 
-0.0428 -1.4475 -0.0499 13 1 1 1 1 
-0.0415 -1.4391 -0.0492 14 0 0 0 0 
-0.0415 -1.4391 -0.0492 15 0 0 0 0 

-0.0425 -1.5467 0.0029 0 0 0 0 0 
-0.0449 -1.5450 -0.0029 1 1 1 1 1 
-0.0469 -1.5415 -0.0088 2 1 1 1 1 
-0.0486 -1.5365 -0.0146 3 1 1 1 1 
-0.0500 -1.5302 -0.0203 4 1 1 1 1 
-0.0511 -1.5228 -0.0257 5 1 1 1 1 
-0.0519 -1.5144 -0.0308 6 1 1 1 1 
-0.0524 -1.5054 -0.0355 7 1 1 1 1 
-0.0527 -1.4958 -0.0397 8 1 1 1 1 
-0.0526 -1.4859 -0.0433 9 1 1 1 1 
-0.0523 -1.4759 -0.0462 10 1 1 1 1 
-0.0518 -1.4661 -0.0483 11 1 1 1 1 
-0.0509 -1.4565 -0.0496 12 1 1 1 1 
-0.0499 -1.4475 -0.0499 13 1 1 1 1 
-0.0486 -1.4391 -0.0492 14 0 0 0 0 
-0.0486 -1.4391 -0.0492 15 0 0 0 0 

-0.0460 -1.5467 0.0029 0 0 0 0 0 
-0.0483 -1.5450 -0.0029 1 1 1 1 1 
-0.0504 -1.5415 -0.0088 2 1 1 1 1 
-0.0521 -1.5365 -0.0146 3 1 1 1 1 
-0.0535 -1.5302 -0.0203 4 1 1 1 1 
-0.0546 -1.5228 -0.0257 5 1 1 1 1 
-0.0554 -1.5144 -0.0308 6 1 1 1 1 
-0.0559 -1.5054 -0.0355 7 1 1 1 1 
-0.0561 -1.4958 -0.0397 8 1 1 1 1 
-0.0561 -1.4859 -0.0433 9 1 1 1 1 
-0.0558 -1.4759 -0.0462 10 1 1 1 1 
-0.0552 -1.4661 -0.0483 11 1 1 1 1 
-0.0544 -1.4565 -0.0496 12 1 1 1 1 
-0.0533 -1.4475 -0.0499 13 1 1 1 1 
-0.0520 -1.4391 -0.0492 14 0 0 0 0 
-0.0520 -1.4391 -0.0492 15 0 0 0 0 

-0.0460 -1.5318 0.0553 0 0 0 0 0 
-0.0480 -1.5350 0.0496 1 1 1 1 1 
-0.0497 -1.5372 0.0424 2 1 1 1 1 
-0.0513 -1.5382 0.0340 3 1 1 1 1 
-0.0526 -1.5381 0.0247 4 1 1 1 1 
-0.0536 -1.5365 0.0148 5 1 1 1 1 
-0.0545 -1.5335 0.0046 6 1 1 1 1 
-0.0550 -1.5288 -0.0055 7 1 1 1 1 
-0.0554 -1.5224 -0.0153 8 1 1 1 1 
-0.0555 -1.5140 -0.0245 9 1 1 1 1 
-0.0553 -1.5036 -0.0328 10 1 1 1 1 
-0.0549 -1.4911 -0.0398 11 1 1 1 1 
-0.0542 -1.4763 -0.0452 12 1 1 1 1 
-0.0532 -1.4591 -0.0488 13 1 1 1 1 
-0.0520 -1.4393 -0.0502 14 0 0 0 0 
-0.0520 -1.4393 -0.0502 15 0 0 0 0 

-0.0320 -1.5318 0.0553 0 0 0 0 0 
-0.0339 -1.5350 0.0496 1 1 1 1 1 
-0.0357 -1.5372 0.0424 2 1 1 1 1 
-0.0372 -1.5382 0.0340 3 1 1 1 1 
-0.0385 -1.5381 0.0247 4 1 1 1 1 
-0.0396 -1.5365 0.0148 5 1 1 1 1 
-0.0404 -1.5335 0.0046 6 1 1 1 1 
-0.0410 -1.5288 -0.0055 7 1 1 1 1 
-0.0414 -1.5224 -0.0153 8 1 1 1 1 
-0.0414 -1.5140 -0.0245 9 1 1 1 1 
-0.0413 -1.5036 -0.0328 10 1 1 1 1 
-0.0408 -1.4911 -0.0398 11 1 1 1 1 
-0.0402 -1.4763 -0.0452 12 1 1 1 1 
-0.0392 -1.4591 -0.0488 13 1 1 1 1 
-0.0380 -1.4393 -0.0502 14 0 0 0 0 
-0.0380 -1.4393 -0.0502 15 0 0 0 0 

-0.0148 -1.5318 0.0553 0 0 0 0 0 
-0.0168 -1.5350 0.0496 1 1 1 1 1 
-0.0186 -1.5372 0.0424 2 1 1 1 1 
-0.0201 -1.5382 0.0340 3 1 1 1 1 
-0.0214 -1.5381 0.0247 4 1 1 1 1 
-0.0225 -1.5365 0.0148 5 1 1 1 1 
-0.0233 -1.5335 0.0046 6 1 1 1 1 
-0.0239 -1.5288 -0.0055 7 1 1 1 1 
-0.0242 -1.5224 -0.0153 8 1 1 1 1 
-0.0243 -1.5140 -0.0245 9 1 1 1 1 
-0.0241 -1.5036 -0.0328 10 1 1 1 1 
-0.0237 -1.4911 -0.0398 11 1 1 1 1 
-0.0230 -1.4763 -0.0452 12 1 1 1 1 
-0.0221 -1.4591 -0.0488 13 1 1 1 1 
-0.0208 -1.4393 -0.0502 14 0 0 0 0 
-0.0208 -1.4393 -0.0502 15 0 0 0 0 

-0.0026 -1.5318 0.0553 0 0 0 0 0 
-0.0045 -1.5350 0.0496 1 1 1 1 1 
-0.0063 -1.5372 0.0424 2 1 1 1 1 
-0.0078 -1.5382 0.0340 3 1 1 1 1 
-0.0091 -1.5381 0.0247 4 1 1 1 1 
-0.0102 -1.5365 0.0148 5 1 1 1 1 
-0.0110 -1.5335 0.0046 6 1 1 1 1 
-0.0116 -1.5288 -0.0055 7 1 1 1 1 
-0.0120 -1.5224 -0.0153 8 1 1 1 1 
-0.0120 -1.5140 -0.0245 9 1 1 1 1 
-0.0119 -1.5036 -0.0328 10 1 1 1 1 
-0.0114 -1.4911 -0.0398 11 1 1 1 1 
-0.0108 -1.4763 -0.0452 12 1 1 1 1 
-0.0098 -1.4591 -0.0488 13 1 1 1 1 
-0.0086 -1.4393 -0.0502 14 0 0 0 0 
-0.0086 -1.4393 -0.0502 15 0 0 0 0 

0.0114 -1.5318 0.0553 0 0 0 0 0 
0.0094 -1.5350 0.0496 1 1 1 1 1 
0.0077 -1.5372 0.0424 2 1 1 1 1 
0.0061 -1.5382 0.0340 3 1 1 1 1 
0.0048 -1.5381 0.0247 4 1 1 1 1 
0.0038 -1.5365 0.0148 5 1 1 1 1 
0.0029 -1.5335 0.0046 6 1 1 1 1 
0.0023 -1.5288 -0.0055 7 1 1 1 1 
0.0020 -1.5224 -0.0153 8 1 1 1 1 
0.0019 -1.5140 -0.0245 9 1 1 1 1 
0.0021 -1.5036 -0.0328 10 1 1 1 1 
0.0025 -1.4911 -0.0398 11 1 1 1 1 
0.0032 -1.4763 -0.0452 12 1 1 1 1 
0.0042 -1.4591 -0.0488 13 1 1 1 1 
0.0054 -1.4393 -0.0502 14 0 0 0 0 
0.0054 -1.4393 -0.0502 15 0 0 0 0 

0.0198 -1.5318 0.0553 0 0 0 0 0 
0.0178 -1.5350 0.0496 1 1 1 1 1 
0.0160 -1.5372 0.0424 2 1 1 1 1 
0.0145 -1.5382 0.0340 3 1 1 1 1 
0.0132 -1.5381 0.0247 4 1 1 1 1 
0.0121 -1.5365 0.0148 5 1 1 1 1 
0.0113 -1.5335 0.0046 6 1 1 1 1 
0.0107 -1.5288 -0.0055 7 1 1 1 1 
0.0104 -1.5224 -0.0153 8 1 1 1 1 
0.0103 -1.5140 -0.0245 9 1 1 1 1 
0.0105 -1.5036 -0.0328 10 1 1 1 1 
0.0109 -1.4911 -0.0398 11 1 1 1 1 
0.0116 -1.4763 -0.0452 12 1 1 1 1 
0.0125 -1.4591 -0.0488 13 1 1 1 1 
0.0137 -1.4393 -0.0502 14 0 0 0 0 
0.0137 -1.4393 -0.0502 15 0 0 0 0 

0.0306 -1.5318 0.0553 0 0 0 0 0 
0.0286 -1.5350 0.0496 1 1 1 1 1 
0.0268 -1.5372 0.0424 2 1 1 1 1 
0.0253 -1.5382 0.0340 3 1 1 1 1 
0.0240 -1.5381 0.0247 4 1 1 1 1 
0.0229 -1.5365 0.0148 5 1 1 1 1 
0.0221 -1.5335 0.0046 6 1 1 1 1 
0.0215 -1.5288 -0.0055 7 1 1 1 1 
0.0212 -1.5224 -0.0153 8 1 1 1 1 
0.0211 -1.5140 -0.0245 9 1 1 1 1 
0.0212 -1.5036 -0.0328 10 1 1 1 1 
0.0217 -1.4911 -0.0398 11 1 1 1 1 
0.0224 -1.4763 -0.0452 12 1 1 1 1 
0.0233 -1.4591 -0.0488 13 1 1 1 1 
0.0245 -1.4393 -0.0502 14 0 0 0 0 
0.0245 -1.4393 -0.0502 15 0 0 0 0 

0.0429 -1.5318 0.0553 0 0 0 0 0 
0.0409 -1.5350 0.0496 1 1 1 1 1 
0.0391 -1.5372 0.0424 2 1 1 1 1 
0.0376 -1.5382 0.0340 3 1 1 1 1 
0.0363 -1.5381 0.0247 4 1 1 1 1 
0.0352 -1.5365 0.0148 5 1 1 1 1 
0.0344 -1.5335 0.0046 6 1 1 1 1 
0.0338 -1.5288 -0.0055 7 1 1 1 1 
0.0335 -1.5224 -0.0153 8 1 1 1 1 
0.0334 -1.5140 -0.0245 9 1 1 1 1 
0.0336 -1.5036 -0.0328 10 1 1 1 1 
0.0340 -1.4911 -0.0398 11 1 1 1 1 
0.0347 -1.4763 -0.0452 12 1 1 1 1 
0.0356 -1.4591 -0.0488 13 1 1 1 1 
0.0369 -1.4393 -0.0502 14 0 0 0 0 
0.0369 -1.4393 -0.0502 15 0 0 0 0 

0.0168 -1.5318 0.0553 0 0 0 0 0 
0.0148 -1.5350 0.0496 1 1 1 1 1 
0.0130 -1.5372 0.0424 2 1 1 1 1 
0.0115 -1.5382 0.0340 3 1 1 1 1 
0.0102 -1.5381 0.0247 4 1 1 1 1 
0.0091 -1.5365 0.0148 5 1 1 1 1 
0.0083 -1.5335 0.0046 6 1 1 1 1 
0.0077 -1.5288 -0.0055 7 1 1 1 1 
0.0074 -1.5224 -0.0153 8 1 1 1 1 
0.0073 -1.5140 -0.0245 9 1 1 1 1 
0.0075 -1.5036 -0.0328 10 1 1 1 1 
0.0079 -1.4911 -0.0398 11 1 1 1 1 
0.0086 -1.4763 -0.0452 12 1 1 1 1 
0.0095 -1.4591 -0.0488 13 1 1 1 1 
0.0107 -1.4393 -0.0502 14 0 0 0 0 
0.0107 -1.4393 -0.0502 15 0 0 0 0 

-0.0023 -1.5318 0.0553 0 0 0 0 0 
-0.0042 -1.5350 0.0496 1 1 1 1 1 
-0.0060 -1.5372 0.0424 2 1 1 1 1 
-0.0075 -1.5382 0.0340 3 1 1 1 1 
-0.0088 -1.5381 0.0247 4 1 1 1 1 
-0.0099 -1.5365 0.0148 5 1 1 1 1 
-0.0107 -1.5335 0.0046 6 1 1 1 1 
-0.0113 -1.5288 -0.0055 7 1 1 1 1 
-0.0117 -1.5224 -0.0153 8 1 1 1 1 
-0.0117 -1.5140 -0.0245 9 1 1 1 1 
-0.0116 -1.5036 -0.0328 10 1 1 1 1 
-0.0111 -1.4911 -0.0398 11 1 1 1 1 
-0.0105 -1.4763 -0.0452 12 1 1 1 1 
-0.0095 -1.4591 -0.0488 13 1 1 1 1 
-0.0083 -1.4393 -0.0502 14 0 0 0 0 
-0.0083 -1.4393 -0.0502 15 0 0 0 0 

-0.0132 -1.5318 0.0553 0 0 0 0 0 
-0.0152 -1.5350 0.0496 1 1 1 1 1 
-0.0170 -1.5372 0.0424 2 1 1 1 1 
-0.0185 -1.5382 0.0340 3 1 1 1 1 
-0.0198 -1.5381 0.0247 4 1 1 1 1 
-0.0209 -1.5365 0.0148 5 1 1 1 1 
-0.0217 -1.5335 0.0046 6 1 1 1 1 
-0.0223 -1.5288 -0.0055 7 1 1 1 1 
-0.0226 -1.5224 -0.0153 8 1 1 1 1 
-0.0227 -1.5140 -0.0245 9 1 1 1 1 
-0.0225 -1.5036 -0.0328 10 1 1 1 1 
-0.0221 -1.4911 -0.0398 11 1 1 1 1 
-0.0214 -1.4763 -0.0452 12 1 1 1 1 
-0.0205 -1.4591 -0.0488 13 1 1 1 1 
-0.0193 -1.4393 -0.0502 14 0 0 0 0 
-0.0193 -1.4393 -0.0502 15 0 0 0 0 

0.0054 -1.5318 0.0553 0 0 0 0 0 
0.0035 -1.5350 0.0496 1 1 1 1 1 
0.0017 -1.5372 0.0424 2 1 1 1 1 
0.0002 -1.5382 0.0340 3 1 1 1 1 
-0.0011 -1.5381 0.0247 4 1 1 1 1 
-0.0022 -1.5365 0.0148 5 1 1 1 1 
-0.0030 -1.5335 0.0046 6 1 1 1 1 
-0.0036 -1.5288 -0.0055 7 1 1 1 1 
-0.0040 -1.5224 -0.0153 8 1 1 1 1 
-0.0040 -1.5140 -0.0245 9 1 1 1 1 
-0.0039 -1.5036 -0.0328 10 1 1 1 1 
-0.0034 -1.4911 -0.0398 11 1 1 1 1 
-0.0028 -1.4763 -0.0452 12 1 1 1 1 
-0.0018 -1.4591 -0.0488 13 1 1 1 1 
-0.0006 -1.4393 -0.0502 14 0 0 0 0 
-0.0006 -1.4393 -0.0502 15 0 0 0 0 

0.0223 -1.5318 0.0553 0 0 0 0 0 
0.0203 -1.5350 0.0496 1 1 1 1 1 
0.0185 -1.5372 0.0424 2 1 1 1 1 
0.0170 -1.5382 0.0340 3 1 1 1 1 
0.0157 -1.5381 0.0247 4 1 1 1 1 
0.0146 -1.5365 0.0148 5 1 1 1 1 
0.0138 -1.5335 0.0046 6 1 1 1 1 
0.0132 -1.5288 -0.0055 7 1 1 1 1 
0.0129 -1.5224 -0.0153 8 1 1 1 1 
0.0128 -1.5140 -0.0245 9 1 1 1 1 
0.0129 -1.5036 -0.0328 10 1 1 1 1 
0.0134 -1.4911 -0.0398 11 1 1 1 1 
0.0141 -1.4763 -0.0452 12 1 1 1 1 
0.0150 -1.4591 -0.0488 13 1 1 1 1 
0.0162 -1.4393 -0.0502 14 0 0 0 0 
0.0162 -1.4393 -0.0502 15 0 0 0 0 

0.0399 -1.5318 0.0553 0 0 0 0 0 
0.0379 -1.5350 0.0496 1 1 1 1 1 
0.0361 -1.5372 0.0424 2 1 1 1 1 
0.0346 -1.5382 0.0340 3 1 1 1 1 
0.0333 -1.5381 0.0247 4 1 1 1 1 
0.0322 -1.5365 0.0148 5 1 1 1 1 
0.0314 -1.5335 0.0046 6 1 1 1 1 
0.0308 -1.5288 -0.0055 7 1 1 1 1 
0.0305 -1.5224 -0.0153 8 1 1 1 1 
0.0304 -1.5140 -0.0245 9 1 1 1 1 
0.0306 -1.5036 -0.0328 10 1 1 1 1 
0.0310 -1.4911 -0.0398 11 1 1 1 1 
0.0317 -1.4763 -0.0452 12 1 1 1 1 
0.0326 -1.4591 -0.0488 13 1 1 1 1 
0.0339 -1.4393 -0.0502 14 0 0 0 0 
0.0339 -1.4393 -0.0502 15 0 0 0 0 

-0.0359 -1.5318 0.0553 0 0 0 0 0 
-0.0379 -1.5350 0.0496 1 1 1 1 1 
-0.0396 -1.5372 0.0424 2 1 1 1 1 
-0.0412 -1.5382 0.0340 3 1 1 1 1 
-0.0425 -1.5381 0.0247 4 1 1 1 1 
-0.0436 -1.5365 0.0148 5 1 1 1 1 
-0.0444 -1.5335 0.0046 6 1 1 1 1 
-0.0450 -1.5288 -0.0055 7 1 1 1 1 
-0.0453 -1.5224 -0.0153 8 1 1 1 1 
-0.0454 -1.5140 -0.0245 9 1 1 1 1 
-0.0452 -1.5036 -0.0328 10 1 1 1 1 
-0.0448 -1.4911 -0.0398 11 1 1 1 1 
-0.0441 -1.4763 -0.0452 12 1 1 1 1 
-0.0431 -1.4591 -0.0488 13 1 1 1 1 
-0.0419 -1.4393 -0.0502 14 0 0 0 0 
-0.0419 -1.4393 -0.0502 15 0 0 0 0 

-0.0478 -1.5318 0.0553 0 0 0 0 0 
-0.0498 -1.5350 0.0496 1 1 1 1 1 
-0.0516 -1.5372 0.0424 2 1 1 1 1 
-0.0531 -1.5382 0.0340 3 1 1 1 1 
-0.0544 -1.5381 0.0247 4 1 1 1 1 
-0.0555 -1.5365 0.0148 5 1 1 1 1 
-0.0563 -1.5335 0.0046 6 1 1 1 1 
-0.0569 -1.5288 -0.0055 7 1 1 1 1 
-0.0572 -1.5224 -0.0153 8 1 1 1 1 
-0.0573 -1.5140 -0.0245 9 1 1 1 1 
-0.0571 -1.5036 -0.0328 10 1 1 1 1 
-0.0567 -1.4911 -0.0398 11 1 1 1 1 
-0.0560 -1.4763 -0.0452 12 1 1 1 1 
-0.0551 -1.4591 -0.0488 13 1 1 1 1 
-0.0538 -1.4393 -0.0502 14 0 0 0 0 
-0.0538 -1.4393 -0.0502 15 0 0 0 0 

0.0155 -1.5318 0.0553 0 0 0 0 0 
0.0136 -1.5350 0.0496 1 1 1 1 1 
0.0118 -1.5372 0.0424 2 1 1 1 1 
0.0103 -1.5382 0.0340 3 1 1 1 1 
0.0090 -1.5381 0.0247 4 1 1 1 1 
0.0079 -1.5365 0.0148 5 1 1 1 1 
0.0071 -1.5335 0.0046 6 1 1 1 1 
0.0065 -1.5288 -0.0055 7 1 1 1 1 
0.0061 -1.5224 -0.0153 8 1 1 1 1 
0.0061 -1.5140 -0.0245 9 1 1 1 1 
0.0062 -1.5036 -0.0328 10 1 1 1 1 
0.0067 -1.4911 -0.0398 11 1 1 1 1 
0.0073 -1.4763 -0.0452 12 1 1 1 1 
0.0083 -1.4591 -0.0488 13 1 1 1 1 
0.0095 -1.4393 -0.0502 14 0 0 0 0 
0.0095 -1.4393 -0.0502 15 0 0 0 0 

0.0322 -1.5318 0.0553 0 0 0 0 0 
0.0302 -1.5350 0.0496 1 1 1 1 1 
0.0285 -1.5372 0.0424 2 1 1 1 1 
0.0269 -1.5382 0.0340 3 1 1 1 1 
0.0256 -1.5381 0.0247 4 1 1 1 1 
0.0246 -1.5365 0.0148 5 1 1 1 1 
0.0237 -1.5335 0.0046 6 1 1 1 1 
0.0232 -1.5288 -0.0055 7 1 1 1 1 
0.0228 -1.5224 -0.0153 8 1 1 1 1 
0.0227 -1.5140 -0.0245 9 1 1 1 1 
0.0229 -1.5036 -0.0328 10 1 1 1 1 
0.0233 -1.4911 -0.0398 11 1 1 1 1 
0.0240 -1.4763 -0.0452 12 1 1 1 1 
0.0250 -1.4591 -0.0488 13 1 1 1 1 
0.0262 -1.4393 -0.0502 14 0 0 0 0 
0.0262 -1.4393 -0.0502 15 0 0 0 0 

